1 0 0 0 1 0 0 0 1 0 0 0 -1220.75063446608 -3379.24936553391
1 0 0 0 1 0 0 0 1 0 0 0 -1219.67597981744 -3380.32402018255
1 0 0 0 1 0 0 0 1 0 0 0 -1217.26344657813 -3382.73655342186
1 0 0 0 1 0 0 0 1 0 0 0 -1215.58197006231 -3384.41802993768
1 0 0 0 1 0 0 0 1 0 0 0 -1214.50414028647 -3385.49585971352
1 0 0 0 1 0 0 0 1 0 0 0 -1213.3243906028 -3386.6756093972
1 0 0 0 1 0 0 0 1 0 0 0 -1211.2999196555 -3388.70008034449
1 0 0 0 1 0 0 0 1 0 0 0 -1209.62207316487 -3390.37792683512
1 0 0 0 1 0 0 0 1 0 0 0 -1209.45775693466 -3390.54224306533
1 0 0 0 1 0 0 0 1 0 0 0 -1208.7572744207 -3391.24272557929
1 0 0 0 1 0 0 0 1 0 0 0 -1212.90385540952 -3387.09614459047
1 0 0 0 1 0 0 0 1 0 0 0 -1215.35160403037 -3384.64839596962
1 0 0 0 1 0 0 0 1 0 0 0 -1218.04144773707 -3381.95855226292
1 0 0 0 1 0 0 0 1 0 0 0 -1221.18191364993 -3378.81808635006
1 0 0 0 1 0 0 0 1 0 0 0 -1221.43084709944 -3378.56915290055
1 0 0 0 1 0 0 0 1 0 0 0 -1221.49983065323 -3378.50016934676
1 0 0 0 1 0 0 0 1 0 0 0 -1221.01348701758 -3378.98651298241
1 0 0 0 1 0 0 0 1 0 0 0 -1220.56018451902 -3379.43981548097
1 0 0 0 1 0 0 0 1 0 0 0 -1215.60400106194 -3384.39599893805
1 0 0 0 1 0 0 0 1 0 0 0 -1213.25055789491 -3386.74944210508
1 0 0 0 1 0 0 0 1 0 0 0 -1210.80334223517 -3389.19665776482
1 0 0 0 1 0 0 0 1 0 0 0 -1206.76937750444 -3393.23062249555
1 0 0 0 1 0 0 0 1 0 0 0 -1206.84561419715 -3393.15438580284
1 0 0 0 1 0 0 0 1 0 0 0 -1207.98514745224 -3392.01485254775
1 0 0 0 1 0 0 0 1 0 0 0 -1209.36946340218 -3390.63053659781
1 0 0 0 1 0 0 0 1 0 0 0 -1212.4648997246 -3387.53510027539
1 0 0 0 1 0 0 0 1 0 0 0 -1216.43448709253 -3383.56551290746
1 0 0 0 1 0 0 0 1 0 0 0 -1220.2198387417 -3379.78016125829
1 0 0 0 1 0 0 0 1 0 0 0 -1222.59627908661 -3377.40372091338
1 0 0 0 1 0 0 0 1 0 0 0 -1224.9746701375 -3375.02532986249
1 0 0 0 1 0 0 0 1 0 0 0 -1225.79691013099 -3374.203089869
1 0 0 0 1 0 0 0 1 0 0 0 -1223.22015241487 -3376.77984758512
1 0 0 0 1 0 0 0 1 0 0 0 -1221.09828064111 -3378.90171935888
1 0 0 0 1 0 0 0 1 0 0 0 -1217.76952911015 -3382.23047088984
1 0 0 0 1 0 0 0 1 0 0 0 -1213.18272723019 -3386.8172727698
1 0 0 0 1 0 0 0 1 0 0 0 -1210.38193591374 -3389.61806408625
1 0 0 0 1 0 0 0 1 0 0 0 -1205.89047579535 -3394.10952420464
1 0 0 0 1 0 0 0 1 0 0 0 -1204.58181457327 -3395.41818542672
1 0 0 0 1 0 0 0 1 0 0 0 -1206.21848332805 -3393.78151667194
1 0 0 0 1 0 0 0 1 0 0 0 -1209.7040260786 -3390.29597392139
1 0 0 0 1 0 0 0 1 0 0 0 -1210.48899358751 -3389.51100641248
1 0 0 0 1 0 0 0 1 0 0 0 -1209.49384904257 -3390.50615095742
1 0 0 0 1 0 0 0 1 0 0 0 -1208.27095150762 -3391.72904849237
1 0 0 0 1 0 0 0 1 0 0 0 -1207.62322723053 -3392.37677276946
1 0 0 0 1 0 0 0 1 0 0 0 -1206.19284481093 -3393.80715518906
1 0 0 0 1 0 0 0 1 0 0 0 -1206.54611427952 -3393.45388572047
1 0 0 0 1 0 0 0 1 0 0 0 -1204.83019469137 -3395.16980530862
1 0 0 0 1 0 0 0 1 0 0 0 -1203.84131046016 -3396.15868953983
1 0 0 0 1 0 0 0 1 0 0 0 -1202.57703130307 -3397.42296869692
1 0 0 0 1 0 0 0 1 0 0 0 -1202.24505323442 -3397.75494676557
1 0 0 0 1 0 0 0 1 0 0 0 -1202.14200769807 -3397.85799230192
1 0 0 0 1 0 0 0 1 0 0 0 -1200.14513444878 -3399.85486555121
1 0 0 0 1 0 0 0 1 0 0 0 -1199.73781965694 -3400.26218034305
1 0 0 0 1 0 0 0 1 0 0 0 -1199.42532531981 -3400.57467468018
1 0 0 0 1 0 0 0 1 0 0 0 -1199.53657026709 -3400.4634297329
1 0 0 0 1 0 0 0 1 0 0 0 -1200.68388353262 -3399.31611646737
1 0 0 0 1 0 0 0 1 0 0 0 -1201.87663353112 -3398.12336646887
1 0 0 0 1 0 0 0 1 0 0 0 -1201.71372025699 -3398.286279743
1 0 0 0 1 0 0 0 1 0 0 0 -1203.25216486595 -3396.74783513404
1 0 0 0 1 0 0 0 1 0 0 0 -1203.06449870277 -3396.93550129722
1 0 0 0 1 0 0 0 1 0 0 0 -1202.61182869334 -3397.38817130665
1 0 0 0 1 0 0 0 1 0 0 0 -1204.97773155523 -3395.02226844476
1 0 0 0 1 0 0 0 1 0 0 0 -1205.56057877186 -3394.43942122813
1 0 0 0 1 0 0 0 1 0 0 0 -1206.65149303681 -3393.34850696318
1 0 0 0 1 0 0 0 1 0 0 0 -1203.71366070235 -3396.28633929764
1 0 0 0 1 0 0 0 1 0 0 0 -1203.99067699833 -3396.00932300166
1 0 0 0 1 0 0 0 1 0 0 0 -1203.05354882581 -3396.94645117418
1 0 0 0 1 0 0 0 1 0 0 0 -1206.39988510586 -3393.60011489413
1 0 0 0 1 0 0 0 1 0 0 0 -1208.1348585607 -3391.86514143929
1 0 0 0 1 0 0 0 1 0 0 0 -1205.89455911985 -3394.10544088014
1 0 0 0 1 0 0 0 1 0 0 0 -1204.92877668074 -3395.07122331925
1 0 0 0 1 0 0 0 1 0 0 0 -1203.42232378489 -3396.5776762151
1 0 0 0 1 0 0 0 1 0 0 0 -1200.98065197537 -3399.01934802463
1 0 0 0 1 0 0 0 1 0 0 0 -1198.96494720334 -3401.03505279665
1 0 0 0 1 0 0 0 1 0 0 0 -1196.42157193998 -3403.57842806001
1 0 0 0 1 0 0 0 1 0 0 0 -1364.07618583751 -3635.92381416248
1 0 0 0 1 0 0 0 1 0 0 0 -1189.50545438179 -3410.4945456182
1 0 0 0 1 0 0 0 1 0 0 0 -1185.24273163789 -3414.7572683621
1 0 0 0 1 0 0 0 1 0 0 0 -1182.65737728475 -3417.34262271524
1 0 0 0 1 0 0 0 1 0 0 0 -1180.13991205926 -3419.86008794073
1 0 0 0 1 0 0 0 1 0 0 0 -1179.38315908795 -3420.61684091204
1 0 0 0 1 0 0 0 1 0 0 0 -1180.59152143277 -3419.40847856723
1 0 0 0 1 0 0 0 1 0 0 0 -1182.72806718507 -3417.27193281492
1 0 0 0 1 0 0 0 1 0 0 0 -1182.23267491091 -3417.76732508908
1 0 0 0 1 0 0 0 1 0 0 0 -1180.49439896991 -3419.50560103008
1 0 0 0 1 0 0 0 1 0 0 0 -1182.23137932276 -3417.76862067723
1 0 0 0 1 0 0 0 1 0 0 0 -1180.95830517171 -3419.04169482828
1 0 0 0 1 0 0 0 1 0 0 0 -1177.58526111266 -3422.41473888733
1 0 0 0 1 0 0 0 1 0 0 0 -1180.358117945 -3419.64188205499
1 0 0 0 1 0 0 0 1 0 0 0 -1183.89254695327 -3416.10745304672
1 0 0 0 1 0 0 0 1 0 0 0 -1187.84577987785 -3412.15422012214
1 0 0 0 1 0 0 0 1 0 0 0 -1203.0781548435 -3396.92184515649
1 0 0 0 1 0 0 0 1 0 0 0 -1413.62971856898 -3586.37028143101
1 0 0 0 1 0 0 0 1 0 0 0 -1427.77788274842 -3572.22211725157
1 0 0 0 1 0 0 0 1 0 0 0 -1438.51806067844 -3561.48193932155
1 0 0 0 1 0 0 0 1 0 0 0 -1459.83515531255 -3540.16484468744
1 0 0 0 1 0 0 0 1 0 0 0 -1476.96996009445 -3523.03003990554
1 0 0 0 1 0 0 0 1 0 0 0 -1483.17435520223 -3516.82564479776
1 0 0 0 1 0 0 0 1 0 0 0 -1490.19957683109 -3509.8004231689
1 0 0 0 1 0 0 0 1 0 0 0 -1503.12122573693 -3496.87877426306
1 0 0 0 1 0 0 0 1 0 0 0 -1515.75022861334 -3484.24977138665
1 0 0 0 1 0 0 0 1 0 0 0 -1529.75633573861 -3470.24366426138
1 0 0 0 1 0 0 0 1 0 0 0 -1555.77713208989 -3444.2228679101
1 0 0 0 1 0 0 0 1 0 0 0 -1576.57804148644 -3423.42195851355
1 0 0 0 1 0 0 0 1 0 0 0 -1584.26596687999 -3415.73403312
1 0 0 0 1 0 0 0 1 0 0 0 -1586.89796255474 -3413.10203744525
1 0 0 0 1 0 0 0 1 0 0 0 -1585.57996588203 -3414.42003411796
1 0 0 0 1 0 0 0 1 0 0 0 -1583.07824536226 -3416.92175463773
1 0 0 0 1 0 0 0 1 0 0 0 -1583.64078219676 -3416.35921780323
1 0 0 0 1 0 0 0 1 0 0 0 -1581.93788304117 -3418.06211695882
1 0 0 0 1 0 0 0 1 0 0 0 -1584.78417169894 -3415.21582830105
1 0 0 0 1 0 0 0 1 0 0 0 -1585.57521743654 -3414.42478256345
1 0 0 0 1 0 0 0 1 0 0 0 -1488.36362490431 -3311.63637509568
1 0 0 0 1 0 0 0 1 0 0 0 -1475.37999418731 -3324.62000581268
1 0 0 0 1 0 0 0 1 0 0 0 -1468.9972739781 -3331.00272602189
1 0 0 0 1 0 0 0 1 0 0 0 -1473.57949976871 -3326.42050023128
1 0 0 0 1 0 0 0 1 0 0 0 -1372.98760946988 -3227.01239053011
1 0 0 0 1 0 0 0 1 0 0 0 -1371.21646266222 -3228.78353733777
1 0 0 0 1 0 0 0 1 0 0 0 -1482.32073254563 -3317.67926745436
1 0 0 0 1 0 0 0 1 0 0 0 -1503.92240684241 -3296.07759315758
1 0 0 0 1 0 0 0 1 0 0 0 -1515.8787981636 -3284.12120183639
1 0 0 0 1 0 0 0 1 0 0 0 -1528.67639951641 -3271.32360048359
1 0 0 0 1 0 0 0 1 0 0 0 -1533.53398058956 -3266.46601941043
1 0 0 0 1 0 0 0 1 0 0 0 -1541.19422439537 -3258.80577560462
1 0 0 0 1 0 0 0 1 0 0 0 -1537.64961225666 -3262.35038774333
1 0 0 0 1 0 0 0 1 0 0 0 -1423.18333783764 -3176.81666216235
1 0 0 0 1 0 0 0 1 0 0 0 -1394.44807244992 -3205.55192755007
1 0 0 0 1 0 0 0 1 0 0 0 -1373.44410124301 -3226.55589875698
1 0 0 0 1 0 0 0 1 0 0 0 -1380.9459037015 -3219.05409629849
1 0 0 0 1 0 0 0 1 0 0 0 -1387.7863975596 -3212.21360244039
1 0 0 0 1 0 0 0 1 0 0 0 -1394.22419337002 -3205.77580662997
1 0 0 0 1 0 0 0 1 0 0 0 -1497.81253704188 -3302.18746295811
1 0 0 0 1 0 0 0 1 0 0 0 -1500.50007981602 -3299.49992018397
1 0 0 0 1 0 0 0 1 0 0 0 -1500.03111679829 -3299.9688832017
1 0 0 0 1 0 0 0 1 0 0 0 -1497.85128163257 -3302.14871836742
1 0 0 0 1 0 0 0 1 0 0 0 -1495.11695313249 -3304.8830468675
1 0 0 0 1 0 0 0 1 0 0 0 -1489.76708409628 -3310.23291590371
1 0 0 0 1 0 0 0 1 0 0 0 -1488.2863786336 -3311.71362136639
1 0 0 0 1 0 0 0 1 0 0 0 -1586.31244423785 -3413.68755576214
1 0 0 0 1 0 0 0 1 0 0 0 -1580.34118898892 -3419.65881101107
1 0 0 0 1 0 0 0 1 0 0 0 -1572.13520855019 -3427.8647914498
1 0 0 0 1 0 0 0 1 0 0 0 -1560.85869184879 -3439.1413081512
1 0 0 0 1 0 0 0 1 0 0 0 -1551.01762748928 -3448.98237251071
1 0 0 0 1 0 0 0 1 0 0 0 -1547.7057747097 -3452.29422529029
1 0 0 0 1 0 0 0 1 0 0 0 -1540.27429646264 -3459.72570353735
1 0 0 0 1 0 0 0 1 0 0 0 -1536.92609039371 -3463.07390960628
1 0 0 0 1 0 0 0 1 0 0 0 -1525.9068068173 -3474.09319318269
1 0 0 0 1 0 0 0 1 0 0 0 -1516.16043797881 -3483.83956202118
1 0 0 0 1 0 0 0 1 0 0 0 -1498.82826734916 -3501.17173265083
1 0 0 0 1 0 0 0 1 0 0 0 -1483.67218851496 -3516.32781148503
1 0 0 0 1 0 0 0 1 0 0 0 -1480.28018129158 -3519.71981870842
1 0 0 0 1 0 0 0 1 0 0 0 -1483.62803395866 -3516.37196604133
1 0 0 0 1 0 0 0 1 0 0 0 -1480.03096546148 -3519.96903453851
1 0 0 0 1 0 0 0 1 0 0 0 -1477.32288170754 -3522.67711829245
1 0 0 0 1 0 0 0 1 0 0 0 -1474.78656543959 -3525.2134345604
1 0 0 0 1 0 0 0 1 0 0 0 -1468.1904598601 -3531.80954013989
1 0 0 0 1 0 0 0 1 0 0 0 -1458.75041524881 -3541.24958475118
1 0 0 0 1 0 0 0 1 0 0 0 -1458.5134686679 -3541.48653133209
1 0 0 0 1 0 0 0 1 0 0 0 -1464.61830545227 -3535.38169454772
1 0 0 0 1 0 0 0 1 0 0 0 -1469.26757352911 -3530.73242647088
1 0 0 0 1 0 0 0 1 0 0 0 -1472.7025649451 -3527.29743505489
1 0 0 0 1 0 0 0 1 0 0 0 -1483.01548560502 -3513
1 0 0 0 1 0 0 0 1 0 0 0 -1471.59336722039 -3528.4066327796
1 0 0 0 1 0 0 0 1 0 0 0 -1475.32254296629 -3524.6774570337
1 0 0 0 1 0 0 0 1 0 0 0 -1474.69956783427 -3525.30043216572
1 0 0 0 1 0 0 0 1 0 0 0 -1474.37308826581 -3525.62691173418
1 0 0 0 1 0 0 0 1 0 0 0 -1473.26277291972 -3526.73722708027
1 0 0 0 1 0 0 0 1 0 0 0 -1470.01446704867 -3529.98553295132
1 0 0 0 1 0 0 0 1 0 0 0 -1533.76043061905 -3586.23956938094
1 0 0 0 1 0 0 0 1 0 0 0 -1532.26790669573 -3575.61088118305
1 0 0 0 1 0 0 0 1 0 0 0 -1484.22528884488 -3515.77471115511
1 0 0 0 1 0 0 0 1 0 0 0 -1497.34076505213 -3502.65923494786
1 0 0 0 1 0 0 0 1 0 0 0 -1507.07154179813 -3492.92845820186
1 0 0 0 1 0 0 0 1 0 0 0 -1537.80070437644 -3530.07808350233
1 0 0 0 1 0 0 0 1 0 0 0 -1507.7263883808 -3492.27361161919
1 0 0 0 1 0 0 0 1 0 0 0 -1509.26271399121 -3490.73728600878
1 0 0 0 1 0 0 0 1 0 0 0 -1517.27509517049 -3482.7249048295
1 0 0 0 1 0 0 0 1 0 0 0 -1524.62027099344 -3475.37972900655
1 0 0 0 1 0 0 0 1 0 0 0 -1526.13144896398 -3473.86855103601
1 0 0 0 1 0 0 0 1 0 0 0 -1526.25463248463 -3473.74536751536
1 0 0 0 1 0 0 0 1 0 0 0 -1530.77186059686 -3469.22813940313
1 0 0 0 1 0 0 0 1 0 0 0 -1527.98695610605 -3472.01304389394
1 0 0 0 1 0 0 0 1 0 0 0 -1526.20682654121 -3473.79317345878
1 0 0 0 1 0 0 0 1 0 0 0 -1535.03004469614 -3464.96995530385
1 0 0 0 1 0 0 0 1 0 0 0 -1567.74980796361 -3496.95607438932
1 0 0 0 1 0 0 0 1 0 0 0 -1540.98768519484 -3459.01231480515
1 0 0 0 1 0 0 0 1 0 0 0 -1543.69585630199 -3456.304143698
1 0 0 0 1 0 0 0 1 0 0 0 -1601.39847822902 -3516.17727934672
1 0 0 0 1 0 0 0 1 0 0 0 -1555.79615728217 -3494.52642336298
1 0 0 0 1 0 0 0 1 0 0 0 -1517.15443231281 -3482.84556768718
1 0 0 0 1 0 0 0 1 0 0 0 -1531.14511271219 -3515.52155395447
1 0 0 0 1 0 0 0 1 0 0 0 -1503.69865983077 -3496.30134016922
1 0 0 0 1 0 0 0 1 0 0 0 -1514.30478709447 -3485.69521290552
1 0 0 0 1 0 0 0 1 0 0 0 -1515.38789614173 -3484.61210385826
1 0 0 0 1 0 0 0 1 0 0 0 -1566.03111780028 -3548.96888219971
1 0 0 0 1 0 0 0 1 0 0 0 -1497.6899738166 -3502.31002618339
1 0 0 0 1 0 0 0 1 0 0 0 -1513.70603536092 -3494.77881312392
1 0 0 0 1 0 0 0 1 0 0 0 -1528.40956452317 -3471.59043547682
1 0 0 0 1 0 0 0 1 0 0 0 -1537.88274685181 -3462.11725314818
1 0 0 0 1 0 0 0 1 0 0 0 -1583.4792877109 -3489.02071228909
1 0 0 0 1 0 0 0 1 0 0 0 -1530.22557267975 -3469.77442732024
1 0 0 0 1 0 0 0 1 0 0 0 -1513.50336255871 -3486.49663744128
1 0 0 0 1 0 0 0 1 0 0 0 -1518.40965977327 -3481.59034022672
1 0 0 0 1 0 0 0 1 0 0 0 -1535.97899557456 -3464.02100442543
1 0 0 0 1 0 0 0 1 0 0 0 -1545.89055294208 -3454.10944705791
1 0 0 0 1 0 0 0 1 0 0 0 -1545.75696546646 -3518.48545877595
1 0 0 0 1 0 0 0 1 0 0 0 -1490.81641257541 -3509.18358742458
1 0 0 0 1 0 0 0 1 0 0 0 -1495.61257692599 -3504.387423074
1 0 0 0 1 0 0 0 1 0 0 0 -1500.72549204837 -3499.27450795162
1 0 0 0 1 0 0 0 1 0 0 0 -1495.39843083129 -3504.6015691687
1 0 0 0 1 0 0 0 1 0 0 0 -1497.47760980137 -3502.52239019862
1 0 0 0 1 0 0 0 1 0 0 0 -1494.83557000342 -3505.16442999657
1 0 0 0 1 0 0 0 1 0 0 0 -1493.24101099979 -3506.7589890002
1 0 0 0 1 0 0 0 1 0 0 0 -1492.90293684013 -3507.09706315986
1 0 0 0 1 0 0 0 1 0 0 0 -1491.67916101632 -3508.32083898367
1 0 0 0 1 0 0 0 1 0 0 0 -1507.64749443015 -3492.35250556984
1 0 0 0 1 0 0 0 1 0 0 0 -1520.90277815809 -3479.0972218419
1 0 0 0 1 0 0 0 1 0 0 0 -1527.87332676396 -3472.12667323603
1 0 0 0 1 0 0 0 1 0 0 0 -1511.41710750836 -3488.58289249163
1 0 0 0 1 0 0 0 1 0 0 0 -1488.35426089344 -3511.64573910655
1 0 0 0 1 0 0 0 1 0 0 0 -1466.89045745678 -3533.10954254321
1 0 0 0 1 0 0 0 1 0 0 0 -1454.99832993406 -3545.00167006593
1 0 0 0 1 0 0 0 1 0 0 0 -1468.00123929159 -3531.9987607084
1 0 0 0 1 0 0 0 1 0 0 0 -1464.72751897717 -3535.27248102282
1 0 0 0 1 0 0 0 1 0 0 0 -1444.99471641156 -3555.00528358843
1 0 0 0 1 0 0 0 1 0 0 0 -1441.81243128451 -3558.18756871548
1 0 0 0 1 0 0 0 1 0 0 0 -1453.23656511156 -3546.76343488843
1 0 0 0 1 0 0 0 1 0 0 0 -1458.44507294828 -3541.55492705171
1 0 0 0 1 0 0 0 1 0 0 0 -1466.43748414074 -3533.56251585925
1 0 0 0 1 0 0 0 1 0 0 0 -1459.86582817747 -3540.13417182252
1 0 0 0 1 0 0 0 1 0 0 0 -1445.53843074956 -3554.46156925043
1 0 0 0 1 0 0 0 1 0 0 0 -1443.69078475571 -3556.30921524428
1 0 0 0 1 0 0 0 1 0 0 0 -1454.98287992369 -3545.0171200763
1 0 0 0 1 0 0 0 1 0 0 0 -1463.47865287317 -3536.52134712682
1 0 0 0 1 0 0 0 1 0 0 0 -1461.57094243592 -3538.42905756407
1 0 0 0 1 0 0 0 1 0 0 0 -1459.30328679737 -3540.69671320262
1 0 0 0 1 0 0 0 1 0 0 0 -1445.63917608515 -3554.36082391484
1 0 0 0 1 0 0 0 1 0 0 0 -1443.10858648315 -3556.89141351684
1 0 0 0 1 0 0 0 1 0 0 0 -1449.96489847061 -3550.03510152938
1 0 0 0 1 0 0 0 1 0 0 0 -1443.93172562517 -3556.06827437482
1 0 0 0 1 0 0 0 1 0 0 0 -1443.18766072944 -3556.81233927055
1 0 0 0 1 0 0 0 1 0 0 0 -1442.8227031737 -3557.17729682629
1 0 0 0 1 0 0 0 1 0 0 0 -1450.00298718384 -3549.99701281615
1 0 0 0 1 0 0 0 1 0 0 0 -1447.73390083922 -3552.26609916076
1 0 0 0 1 0 0 0 1 0 0 0 -1445.61852829135 -3554.38147170864
1 0 0 0 1 0 0 0 1 0 0 0 -1443.48638508015 -3556.51361491984
1 0 0 0 1 0 0 0 1 0 0 0 -1442.10502315343 -3557.89497684656
1 0 0 0 1 0 0 0 1 0 0 0 -1442.43258640221 -3557.56741359778
1 0 0 0 1 0 0 0 1 0 0 0 -1445.8272846444 -3554.17271535559
1 0 0 0 1 0 0 0 1 0 0 0 -1445.24822321065 -3554.75177678934
1 0 0 0 1 0 0 0 1 0 0 0 -1433.38791141283 -3566.61208858716
1 0 0 0 1 0 0 0 1 0 0 0 -1443.53776237021 -3556.46223762978
1 0 0 0 1 0 0 0 1 0 0 0 -1460.32366407868 -3539.67633592131
1 0 0 0 1 0 0 0 1 0 0 0 -1462.54741965251 -3537.45258034748
1 0 0 0 1 0 0 0 1 0 0 0 -1448.53690534753 -3551.46309465246
1 0 0 0 1 0 0 0 1 0 0 0 -1451.49897968349 -3548.5010203165
1 0 0 0 1 0 0 0 1 0 0 0 -1458.38204440035 -3541.61795559964
1 0 0 0 1 0 0 0 1 0 0 0 -1470.91864231602 -3529.08135768397
1 0 0 0 1 0 0 0 1 0 0 0 -1482.28815743429 -3517.7118425657
1 0 0 0 1 0 0 0 1 0 0 0 -1484.83535852359 -3515.1646414764
1 0 0 0 1 0 0 0 1 0 0 0 -1467.27357096385 -3532.72642903614
1 0 0 0 1 0 0 0 1 0 0 0 -1464.64174154439 -3535.3582584556
1 0 0 0 1 0 0 0 1 0 0 0 -1471.73075642418 -3528.26924357581
1 0 0 0 1 0 0 0 1 0 0 0 -1494.69631293935 -3505.30368706064
1 0 0 0 1 0 0 0 1 0 0 0 -1505.50026833833 -3494.49973166166
1 0 0 0 1 0 0 0 1 0 0 0 -1499.84692902807 -3500.15307097192
1 0 0 0 1 0 0 0 1 0 0 0 -1486.27856220198 -3513.72143779801
1 0 0 0 1 0 0 0 1 0 0 0 -1468.32062968312 -3531.67937031687
1 0 0 0 1 0 0 0 1 0 0 0 -1450.83614622872 -3549.16385377127
1 0 0 0 1 0 0 0 1 0 0 0 -1440.89621703738 -3559.10378296261
1 0 0 0 1 0 0 0 1 0 0 0 -1436.2117052134 -3563.78829478659
1 0 0 0 1 0 0 0 1 0 0 0 -1417.30518887172 -3582.69481112827
1 0 0 0 1 0 0 0 1 0 0 0 -1390.6199231213 -3609.38007687869
1 0 0 0 1 0 0 0 1 0 0 0 -1389.53141095513 -3610.46858904486
1 0 0 0 1 0 0 0 1 0 0 0 -1394.48261314132 -3605.51738685867
1 0 0 0 1 0 0 0 1 0 0 0 -1409.86572190872 -3590.13427809127
1 0 0 0 1 0 0 0 1 0 0 0 -1421.14782375816 -3578.85217624183
1 0 0 0 1 0 0 0 1 0 0 0 -1413.17104716591 -3586.82895283408
1 0 0 0 1 0 0 0 1 0 0 0 -1392.09702908016 -3607.90297091983
1 0 0 0 1 0 0 0 1 0 0 0 -1374.84249616955 -3625.15750383044
1 0 0 0 1 0 0 0 1 0 0 0 -1366.40116114921 -3633.59883885078
1 0 0 0 1 0 0 0 1 0 0 0 -1372.37050146903 -3627.62949853096
1 0 0 0 1 0 0 0 1 0 0 0 -1392.12758726503 -3607.87241273496
1 0 0 0 1 0 0 0 1 0 0 0 -1405.20233654488 -3594.79766345511
1 0 0 0 1 0 0 0 1 0 0 0 -1395.75696880371 -3604.24303119628
1 0 0 0 1 0 0 0 1 0 0 0 -1375.69912326331 -3624.30087673668
1 0 0 0 1 0 0 0 1 0 0 0 -1356.35219250214 -3643.64780749785
1 0 0 0 1 0 0 0 1 0 0 0 -1343.10240431965 -3656.89759568034
1 0 0 0 1 0 0 0 1 0 0 0 -1333.27685974149 -3666.7231402585
1 0 0 0 1 0 0 0 1 0 0 0 -1334.64702398886 -3665.35297601113
1 0 0 0 1 0 0 0 1 0 0 0 -1328.04066463455 -3671.95933536544
1 0 0 0 1 0 0 0 1 0 0 0 -1334.7760648745 -3665.22393512549
1 0 0 0 1 0 0 0 1 0 0 0 -1350.61889999051 -3649.38110000948
1 0 0 0 1 0 0 0 1 0 0 0 -1328.05500634528 -3671.94499365471
1 0 0 0 1 0 0 0 1 0 0 0 -1305.53920998829 -3694.4607900117
1 0 0 0 1 0 0 0 1 0 0 0 -1295.18472191197 -3704.81527808802
1 0 0 0 1 0 0 0 1 0 0 0 -1289.08311366461 -3710.91688633538
1 0 0 0 1 0 0 0 1 0 0 0 -1392.07577732816 -3807.92422267183
1 0 0 0 1 0 0 0 1 0 0 0 -1304.46913806217 -3695.53086193782
1 0 0 0 1 0 0 0 1 0 0 0 -1322.47329700834 -3677.52670299165
1 0 0 0 1 0 0 0 1 0 0 0 -1336.45332075332 -3663.54667924667
1 0 0 0 1 0 0 0 1 0 0 0 -1340.58375925124 -3659.41624074875
1 0 0 0 1 0 0 0 1 0 0 0 -1322.57447406944 -3677.42552593055
1 0 0 0 1 0 0 0 1 0 0 0 -1296.15716555783 -3703.84283444216
1 0 0 0 1 0 0 0 1 0 0 0 -1277.16436752867 -3722.83563247132
1 0 0 0 1 0 0 0 1 0 0 0 -1282.08714402354 -3717.91285597645
1 0 0 0 1 0 0 0 1 0 0 0 -1292.48435720389 -3707.5156427961
1 0 0 0 1 0 0 0 1 0 0 0 -1292.87354648148 -3707.12645351851
1 0 0 0 1 0 0 0 1 0 0 0 -1285.28593360768 -3714.71406639231
1 0 0 0 1 0 0 0 1 0 0 0 -1279.54696560583 -3720.45303439416
1 0 0 0 1 0 0 0 1 0 0 0 -1286.7276463274 -3713.27235367259
1 0 0 0 1 0 0 0 1 0 0 0 -1286.03340372305 -3713.96659627694
1 0 0 0 1 0 0 0 1 0 0 0 -1276.19152292555 -3723.80847707444
1 0 0 0 1 0 0 0 1 0 0 0 -1263.87766825395 -3736.12233174604
1 0 0 0 1 0 0 0 1 0 0 0 -1261.91344484439 -3738.0865551556
1 0 0 0 1 0 0 0 1 0 0 0 -1262.47472628348 -3737.52527371651
1 0 0 0 1 0 0 0 1 0 0 0 -1267.84077435545 -3732.15922564454
1 0 0 0 1 0 0 0 1 0 0 0 -1271.3880702351 -3728.61192976489
1 0 0 0 1 0 0 0 1 0 0 0 -1271.29504721734 -3728.70495278265
1 0 0 0 1 0 0 0 1 0 0 0 -1271.65797493851 -3728.34202506148
1 0 0 0 1 0 0 0 1 0 0 0 -1272.4654427816 -3727.53455721839
1 0 0 0 1 0 0 0 1 0 0 0 -1276.55100894745 -3723.44899105254
1 0 0 0 1 0 0 0 1 0 0 0 -1278.16328456684 -3721.83671543315
1 0 0 0 1 0 0 0 1 0 0 0 -1284.57805209279 -3715.4219479072
1 0 0 0 1 0 0 0 1 0 0 0 -1293.04225823341 -3706.95774176658
1 0 0 0 1 0 0 0 1 0 0 0 -1293.56814838776 -3706.43185161223
1 0 0 0 1 0 0 0 1 0 0 0 -1294.16779727862 -3705.83220272137
1 0 0 0 1 0 0 0 1 0 0 0 -1291.72531717179 -3708.2746828282
1 0 0 0 1 0 0 0 1 0 0 0 -1293.96966545742 -3706.03033454257
1 0 0 0 1 0 0 0 1 0 0 0 -1295.30236266107 -3704.69763733892
1 0 0 0 1 0 0 0 1 0 0 0 -1301.49649318398 -3698.50350681601
1 0 0 0 1 0 0 0 1 0 0 0 -1303.42521872997 -3696.57478127002
1 0 0 0 1 0 0 0 1 0 0 0 -1306.69246944987 -3693.30753055012
1 0 0 0 1 0 0 0 1 0 0 0 -1308.49368895534 -3691.50631104465
1 0 0 0 1 0 0 0 1 0 0 0 -1314.28888327625 -3685.71111672374
1 0 0 0 1 0 0 0 1 0 0 0 -1320.91952350506 -3679.08047649493
1 0 0 0 1 0 0 0 1 0 0 0 -1327.36495476359 -3672.6350452364
1 0 0 0 1 0 0 0 1 0 0 0 -1326.40052283358 -3673.59947716641
1 0 0 0 1 0 0 0 1 0 0 0 -1321.43422096239 -3678.5657790376
1 0 0 0 1 0 0 0 1 0 0 0 -1318.6966324589 -3681.30336754109
1 0 0 0 1 0 0 0 1 0 0 0 -1328.07866924587 -3671.92133075412
1 0 0 0 1 0 0 0 1 0 0 0 -1339.33594078665 -3660.66405921334
1 0 0 0 1 0 0 0 1 0 0 0 -1351.26586968974 -3648.73413031025
1 0 0 0 1 0 0 0 1 0 0 0 -1372.21772673361 -3627.78227326638
1 0 0 0 1 0 0 0 1 0 0 0 -1391.80224518789 -3608.1977548121
1 0 0 0 1 0 0 0 1 0 0 0 -1400.49889245722 -3599.50110754277
1 0 0 0 1 0 0 0 1 0 0 0 -1409.22267125111 -3590.77732874889
1 0 0 0 1 0 0 0 1 0 0 0 -1411.52872245424 -3588.47127754575
1 0 0 0 1 0 0 0 1 0 0 0 -1411.54954019161 -3588.45045980838
1 0 0 0 1 0 0 0 1 0 0 0 -1305.36700744314 -3494.63299255685
1 0 0 0 1 0 0 0 1 0 0 0 -1407.80798236084 -3592.19201763915
1 0 0 0 1 0 0 0 1 0 0 0 -1426.47526075823 -3573.52473924176
1 0 0 0 1 0 0 0 1 0 0 0 -1443.61545161636 -3556.38454838363
1 0 0 0 1 0 0 0 1 0 0 0 -1455.51109372327 -3544.48890627672
1 0 0 0 1 0 0 0 1 0 0 0 -1466.25499605997 -3533.74500394002
1 0 0 0 1 0 0 0 1 0 0 0 -1273.00901850461 -3326.99098149538
1 0 0 0 1 0 0 0 1 0 0 0 -1472.7486165037 -3527.25138349629
1 0 0 0 1 0 0 0 1 0 0 0 -1266.49660955089 -3333.5033904491
1 0 0 0 1 0 0 0 1 0 0 0 -1277.42524634997 -3322.57475365002
1 0 0 0 1 0 0 0 1 0 0 0 -1277.92950450683 -3322.07049549316
1 0 0 0 1 0 0 0 1 0 0 0 -1277.97498482736 -3322.02501517263
1 0 0 0 1 0 0 0 1 0 0 0 -1275.45742380679 -3324.5425761932
1 0 0 0 1 0 0 0 1 0 0 0 -1261.42677209684 -3338.57322790315
1 0 0 0 1 0 0 0 1 0 0 0 -1250.2712394403 -3349.72876055969
1 0 0 0 1 0 0 0 1 0 0 0 -1224.51515809086 -3375.48484190913
1 0 0 0 1 0 0 0 1 0 0 0 -1409.29566335006 -3590.70433664993
1 0 0 0 1 0 0 0 1 0 0 0 -1391.18764453125 -3608.81235546874
1 0 0 0 1 0 0 0 1 0 0 0 -1383.82870982196 -3616.17129017803
1 0 0 0 1 0 0 0 1 0 0 0 -1375.09053127584 -3624.90946872415
1 0 0 0 1 0 0 0 1 0 0 0 -1359.16474404275 -3640.83525595724
1 0 0 0 1 0 0 0 1 0 0 0 -1325.9761512761 -3674.02384872389
1 0 0 0 1 0 0 0 1 0 0 0 -1314.44521923703 -3685.55478076297
1 0 0 0 1 0 0 0 1 0 0 0 -1321.44673197265 -3678.55326802734
1 0 0 0 1 0 0 0 1 0 0 0 -1299.47077378819 -3700.5292262118
1 0 0 0 1 0 0 0 1 0 0 0 -1287.25151432059 -3712.7484856794
1 0 0 0 1 0 0 0 1 0 0 0 -1279.88581976395 -3720.11418023604
1 0 0 0 1 0 0 0 1 0 0 0 -1281.33066027315 -3718.66933972684
1 0 0 0 1 0 0 0 1 0 0 0 -1267.39308968229 -3732.6069103177
1 0 0 0 1 0 0 0 1 0 0 0 -1262.53389625272 -3737.46610374727
1 0 0 0 1 0 0 0 1 0 0 0 -1253.39276413423 -3746.60723586576
1 0 0 0 1 0 0 0 1 0 0 0 -1258.57816756414 -3741.42183243585
1 0 0 0 1 0 0 0 1 0 0 0 -1265.85001253151 -3734.14998746848
1 0 0 0 1 0 0 0 1 0 0 0 -1254.60017943596 -3745.39982056403
1 0 0 0 1 0 0 0 1 0 0 0 -1234.12870691313 -3765.87129308686
1 0 0 0 1 0 0 0 1 0 0 0 -1226.38012933519 -3773.6198706648
1 0 0 0 1 0 0 0 1 0 0 0 -1230.57123538871 -3769.42876461128
1 0 0 0 1 0 0 0 1 0 0 0 -1226.88173415892 -3773.11826584107
1 0 0 0 1 0 0 0 1 0 0 0 -1220.04048818478 -3779.95951181521
1 0 0 0 1 0 0 0 1 0 0 0 -1220.94786018584 -3779.05213981415
1 0 0 0 1 0 0 0 1 0 0 0 -1226.7323039991 -3773.26769600089
1 0 0 0 1 0 0 0 1 0 0 0 -1228.01899646382 -3771.98100353617
1 0 0 0 1 0 0 0 1 0 0 0 -1233.94122493407 -3766.05877506592
1 0 0 0 1 0 0 0 1 0 0 0 -1239.68196685726 -3760.31803314273
1 0 0 0 1 0 0 0 1 0 0 0 -1244.84944229854 -3755.15055770145
1 0 0 0 1 0 0 0 1 0 0 0 -1249.75684140306 -3750.24315859693
1 0 0 0 1 0 0 0 1 0 0 0 -1250.49004262811 -3749.50995737188
1 0 0 0 1 0 0 0 1 0 0 0 -1248.89327911235 -3751.10672088764
1 0 0 0 1 0 0 0 1 0 0 0 -1247.1420319442 -3752.85796805579
1 0 0 0 1 0 0 0 1 0 0 0 -1256.53390197463 -3743.46609802536
1 0 0 0 1 0 0 0 1 0 0 0 -1262.00492990328 -3737.99507009671
1 0 0 0 1 0 0 0 1 0 0 0 -1264.98259155401 -3735.01740844598
1 0 0 0 1 0 0 0 1 0 0 0 -1267.41692769119 -3732.5830723088
1 0 0 0 1 0 0 0 1 0 0 0 -1260.06139212288 -3739.93860787711
1 0 0 0 1 0 0 0 1 0 0 0 -1368.25146693473 -3831.74853306527
1 0 0 0 1 0 0 0 1 0 0 0 -1297.95643952145 -3702.04356047854
1 0 0 0 1 0 0 0 1 0 0 0 -1307.25494058373 -3692.74505941626
1 0 0 0 1 0 0 0 1 0 0 0 -1303.66428419733 -3696.33571580266
1 0 0 0 1 0 0 0 1 0 0 0 -1299.87935054203 -3700.12064945796
1 0 0 0 1 0 0 0 1 0 0 0 -1304.85948881707 -3695.14051118292
1 0 0 0 1 0 0 0 1 0 0 0 -1317.79421065064 -3682.20578934935
1 0 0 0 1 0 0 0 1 0 0 0 -1342.94612910559 -3657.0538708944
1 0 0 0 1 0 0 0 1 0 0 0 -1351.52403531151 -3648.47596468848
1 0 0 0 1 0 0 0 1 0 0 0 -1356.70670149608 -3643.29329850391
1 0 0 0 1 0 0 0 1 0 0 0 -1351.03041579557 -3648.96958420442
1 0 0 0 1 0 0 0 1 0 0 0 -1348.42724087385 -3651.57275912614
1 0 0 0 1 0 0 0 1 0 0 0 -1340.75487116776 -3659.24512883223
1 0 0 0 1 0 0 0 1 0 0 0 -1334.7229895202 -3665.27701047979
1 0 0 0 1 0 0 0 1 0 0 0 -1327.65975812223 -3672.34024187776
1 0 0 0 1 0 0 0 1 0 0 0 -1319.6977958995 -3680.30220410049
1 0 0 0 1 0 0 0 1 0 0 0 -1330.01258635819 -3669.9874136418
1 0 0 0 1 0 0 0 1 0 0 0 -1328.7144085864 -3671.28559141359
1 0 0 0 1 0 0 0 1 0 0 0 -1313.74190236554 -3686.25809763445
1 0 0 0 1 0 0 0 1 0 0 0 -1304.07169830977 -3695.92830169022
1 0 0 0 1 0 0 0 1 0 0 0 -1288.60958253533 -3711.39041746466
1 0 0 0 1 0 0 0 1 0 0 0 -1290.42828393128 -3709.57171606871
1 0 0 0 1 0 0 0 1 0 0 0 -1307.09409503839 -3692.90590496161
1 0 0 0 1 0 0 0 1 0 0 0 -1312.74834655911 -3687.25165344088
1 0 0 0 1 0 0 0 1 0 0 0 -1310.72608459843 -3689.27391540156
1 0 0 0 1 0 0 0 1 0 0 0 -1308.43154595487 -3691.56845404512
1 0 0 0 1 0 0 0 1 0 0 0 -1304.79219721029 -3695.2078027897
1 0 0 0 1 0 0 0 1 0 0 0 -1308.19702487004 -3691.80297512995
1 0 0 0 1 0 0 0 1 0 0 0 -1318.88293650315 -3681.11706349684
1 0 0 0 1 0 0 0 1 0 0 0 -1330.27938133839 -3669.7206186616
1 0 0 0 1 0 0 0 1 0 0 0 -1344.48531993143 -3655.51468006856
1 0 0 0 1 0 0 0 1 0 0 0 -1341.0079156228 -3658.99208437719
1 0 0 0 1 0 0 0 1 0 0 0 -1342.35150475907 -3657.64849524092
1 0 0 0 1 0 0 0 1 0 0 0 -1348.58952986157 -3651.41047013842
1 0 0 0 1 0 0 0 1 0 0 0 -1350.26079518648 -3649.73920481351
1 0 0 0 1 0 0 0 1 0 0 0 -1355.49951045416 -3644.50048954583
1 0 0 0 1 0 0 0 1 0 0 0 -1366.98253588801 -3633.01746411198
1 0 0 0 1 0 0 0 1 0 0 0 -1365.53329882895 -3634.46670117104
1 0 0 0 1 0 0 0 1 0 0 0 -1369.26586157076 -3630.73413842923
1 0 0 0 1 0 0 0 1 0 0 0 -1363.75470325949 -3636.2452967405
1 0 0 0 1 0 0 0 1 0 0 0 -1362.31719680041 -3637.68280319958
1 0 0 0 1 0 0 0 1 0 0 0 -1360.04227204844 -3639.95772795155
1 0 0 0 1 0 0 0 1 0 0 0 -1368.82936804751 -3631.17063195248
1 0 0 0 1 0 0 0 1 0 0 0 -1354.53308366222 -3645.46691633778
1 0 0 0 1 0 0 0 1 0 0 0 -1339.62106992825 -3660.37893007174
1 0 0 0 1 0 0 0 1 0 0 0 -1345.22564238021 -3654.77435761979
1 0 0 0 1 0 0 0 1 0 0 0 -1369.80820888636 -3630.19179111363
1 0 0 0 1 0 0 0 1 0 0 0 -1386.12389410083 -3613.87610589916
1 0 0 0 1 0 0 0 1 0 0 0 -1373.57134069865 -3626.42865930134
1 0 0 0 1 0 0 0 1 0 0 0 -1347.837637442 -3652.16236255799
1 0 0 0 1 0 0 0 1 0 0 0 -1334.18761373521 -3665.81238626478
1 0 0 0 1 0 0 0 1 0 0 0 -1343.77388392356 -3656.22611607643
1 0 0 0 1 0 0 0 1 0 0 0 -1348.97239514852 -3651.02760485147
1 0 0 0 1 0 0 0 1 0 0 0 -1352.21104876193 -3647.78895123806
1 0 0 0 1 0 0 0 1 0 0 0 -1352.02442472777 -3647.97557527222
1 0 0 0 1 0 0 0 1 0 0 0 -1348.7219685694 -3651.27803143059
1 0 0 0 1 0 0 0 1 0 0 0 -1347.02272779749 -3652.9772722025
1 0 0 0 1 0 0 0 1 0 0 0 -1340.8942051737 -3659.10579482629
1 0 0 0 1 0 0 0 1 0 0 0 -1345.94060419992 -3654.05939580007
1 0 0 0 1 0 0 0 1 0 0 0 -1352.82273627821 -3647.17726372178
1 0 0 0 1 0 0 0 1 0 0 0 -1360.66959687308 -3639.33040312691
1 0 0 0 1 0 0 0 1 0 0 0 -1356.08028386311 -3643.91971613688
1 0 0 0 1 0 0 0 1 0 0 0 -1354.12628153932 -3645.87371846067
1 0 0 0 1 0 0 0 1 0 0 0 -1352.42067558271 -3647.57932441728
1 0 0 0 1 0 0 0 1 0 0 0 -1357.19737277106 -3642.80262722893
1 0 0 0 1 0 0 0 1 0 0 0 -1372.31641757431 -3627.68358242568
1 0 0 0 1 0 0 0 1 0 0 0 -1379.31732211639 -3620.6826778836
1 0 0 0 1 0 0 0 1 0 0 0 -1354.64217416659 -3645.3578258334
1 0 0 0 1 0 0 0 1 0 0 0 -1337.84320621386 -3662.15679378614
1 0 0 0 1 0 0 0 1 0 0 0 -1347.50343702461 -3652.49656297538
1 0 0 0 1 0 0 0 1 0 0 0 -1370.47085525672 -3629.52914474327
1 0 0 0 1 0 0 0 1 0 0 0 -1365.19620796592 -3634.80379203407
1 0 0 0 1 0 0 0 1 0 0 0 -1348.29458729432 -3651.70541270567
1 0 0 0 1 0 0 0 1 0 0 0 -1329.21575715622 -3670.78424284377
1 0 0 0 1 0 0 0 1 0 0 0 -1333.57360950476 -3666.42639049523
1 0 0 0 1 0 0 0 1 0 0 0 -1339.0113891329 -3660.98861086709
1 0 0 0 1 0 0 0 1 0 0 0 -1328.75395274269 -3671.2460472573
1 0 0 0 1 0 0 0 1 0 0 0 -1333.61945031065 -3666.38054968934
1 0 0 0 1 0 0 0 1 0 0 0 -1332.01079065965 -3667.98920934034
1 0 0 0 1 0 0 0 1 0 0 0 -1328.01706414085 -3671.98293585914
1 0 0 0 1 0 0 0 1 0 0 0 -1404.1269070251 -3795.8730929749
1 0 0 0 1 0 0 0 1 0 0 0 -1406.86501614605 -3793.13498385394
1 0 0 0 1 0 0 0 1 0 0 0 -1423.48669049748 -3776.51330950251
1 0 0 0 1 0 0 0 1 0 0 0 -1335.38078761345 -3664.61921238655
1 0 0 0 1 0 0 0 1 0 0 0 -1349.47901593992 -3650.52098406007
1 0 0 0 1 0 0 0 1 0 0 0 -1348.87156655037 -3651.12843344962
1 0 0 0 1 0 0 0 1 0 0 0 -1345.96870898132 -3654.03129101867
1 0 0 0 1 0 0 0 1 0 0 0 -1353.22522339673 -3646.77477660326
1 0 0 0 1 0 0 0 1 0 0 0 -1363.81828552893 -3636.18171447106
1 0 0 0 1 0 0 0 1 0 0 0 -1375.49275656689 -3624.5072434331
1 0 0 0 1 0 0 0 1 0 0 0 -1352.48365024776 -3647.51634975223
1 0 0 0 1 0 0 0 1 0 0 0 -1332.89029646146 -3667.10970353853
1 0 0 0 1 0 0 0 1 0 0 0 -1314.23641748409 -3685.7635825159
1 0 0 0 1 0 0 0 1 0 0 0 -1320.49988524722 -3679.50011475277
1 0 0 0 1 0 0 0 1 0 0 0 -1324.49815375991 -3675.50184624008
1 0 0 0 1 0 0 0 1 0 0 0 -1329.65368334532 -3670.34631665467
1 0 0 0 1 0 0 0 1 0 0 0 -1327.34379583917 -3672.65620416082
1 0 0 0 1 0 0 0 1 0 0 0 -1312.39158060159 -3687.6084193984
1 0 0 0 1 0 0 0 1 0 0 0 -1300.77087960978 -3699.22912039021
1 0 0 0 1 0 0 0 1 0 0 0 -1296.26449986561 -3703.73550013438
1 0 0 0 1 0 0 0 1 0 0 0 -1306.45389288481 -3693.54610711518
1 0 0 0 1 0 0 0 1 0 0 0 -1308.16523674581 -3691.83476325418
1 0 0 0 1 0 0 0 1 0 0 0 -1312.29381593822 -3687.70618406177
1 0 0 0 1 0 0 0 1 0 0 0 -1310.46284221012 -3689.53715778987
1 0 0 0 1 0 0 0 1 0 0 0 -1318.99805023322 -3681.00194976677
1 0 0 0 1 0 0 0 1 0 0 0 -1317.6176712291 -3682.38232877089
1 0 0 0 1 0 0 0 1 0 0 0 -1312.0803593014 -3687.91964069859
1 0 0 0 1 0 0 0 1 0 0 0 -1305.87154150372 -3694.12845849627
1 0 0 0 1 0 0 0 1 0 0 0 -1297.9509092776 -3702.04909072239
1 0 0 0 1 0 0 0 1 0 0 0 -1297.66317279319 -3702.3368272068
1 0 0 0 1 0 0 0 1 0 0 0 -1297.28137590213 -3702.71862409786
1 0 0 0 1 0 0 0 1 0 0 0 -1293.32211707796 -3706.67788292203
1 0 0 0 1 0 0 0 1 0 0 0 -1277.30468565587 -3722.69531434412
1 0 0 0 1 0 0 0 1 0 0 0 -1276.98036979297 -3723.01963020702
1 0 0 0 1 0 0 0 1 0 0 0 -1291.19414817462 -3708.80585182537
1 0 0 0 1 0 0 0 1 0 0 0 -1287.04352460016 -3712.95647539983
1 0 0 0 1 0 0 0 1 0 0 0 -1281.47056595288 -3718.52943404711
1 0 0 0 1 0 0 0 1 0 0 0 -1274.1331751533 -3725.8668248467
1 0 0 0 1 0 0 0 1 0 0 0 -1270.82232270459 -3729.1776772954
1 0 0 0 1 0 0 0 1 0 0 0 -1262.45299068768 -3737.54700931231
1 0 0 0 1 0 0 0 1 0 0 0 -1259.4087514826 -3740.59124851739
1 0 0 0 1 0 0 0 1 0 0 0 -1255.35737160947 -3744.64262839052
1 0 0 0 1 0 0 0 1 0 0 0 -1256.25778321065 -3743.74221678934
1 0 0 0 1 0 0 0 1 0 0 0 -1259.51525431198 -3740.48474568801
1 0 0 0 1 0 0 0 1 0 0 0 -1352.19601547146 -3847.80398452853
1 0 0 0 1 0 0 0 1 0 0 0 -1344.59257978765 -3855.40742021234
1 0 0 0 1 0 0 0 1 0 0 0 -1242.83706243193 -3757.16293756806
1 0 0 0 1 0 0 0 1 0 0 0 -1353.29089283649 -3846.7091071635
1 0 0 0 1 0 0 0 1 0 0 0 -1355.52184785016 -3844.47815214983
1 0 0 0 1 0 0 0 1 0 0 0 -1350.03977767873 -3849.96022232126
1 0 0 0 1 0 0 0 1 0 0 0 -1345.37261339729 -3854.6273866027
1 0 0 0 1 0 0 0 1 0 0 0 -1347.7265208507 -3852.27347914929
1 0 0 0 1 0 0 0 1 0 0 0 -1357.14719827603 -3842.85280172396
1 0 0 0 1 0 0 0 1 0 0 0 -1390.68402981713 -3809.31597018286
1 0 0 0 1 0 0 0 1 0 0 0 -1316.21205495981 -3683.78794504018
1 0 0 0 1 0 0 0 1 0 0 0 -1313.25872599038 -3686.74127400961
1 0 0 0 1 0 0 0 1 0 0 0 -1309.44979472281 -3690.55020527718
1 0 0 0 1 0 0 0 1 0 0 0 -1313.3190009819 -3686.68099901809
1 0 0 0 1 0 0 0 1 0 0 0 -1329.34349517705 -3670.65650482294
1 0 0 0 1 0 0 0 1 0 0 0 -1335.57919443258 -3664.4208055674
1 0 0 0 1 0 0 0 1 0 0 0 -1340.49543835021 -3659.50456164978
1 0 0 0 1 0 0 0 1 0 0 0 -1344.42851342238 -3655.57148657761
1 0 0 0 1 0 0 0 1 0 0 0 -1350.63333075227 -3649.36666924772
1 0 0 0 1 0 0 0 1 0 0 0 -1363.68985422381 -3636.31014577618
1 0 0 0 1 0 0 0 1 0 0 0 -1371.39839016609 -3628.6016098339
1 0 0 0 1 0 0 0 1 0 0 0 -1382.20966409162 -3617.79033590837
1 0 0 0 1 0 0 0 1 0 0 0 -1389.68143801227 -3610.31856198772
1 0 0 0 1 0 0 0 1 0 0 0 -1293.92208875099 -3506.077911249
1 0 0 0 1 0 0 0 1 0 0 0 -1297.93428267925 -3502.06571732074
1 0 0 0 1 0 0 0 1 0 0 0 -1299.88826997843 -3500.11173002156
1 0 0 0 1 0 0 0 1 0 0 0 -1301.38469814259 -3498.6153018574
1 0 0 0 1 0 0 0 1 0 0 0 -1302.41239999545 -3497.58760000454
1 0 0 0 1 0 0 0 1 0 0 0 -1297.53422821045 -3502.46577178954
1 0 0 0 1 0 0 0 1 0 0 0 -1395.60212936954 -3604.39787063045
1 0 0 0 1 0 0 0 1 0 0 0 -1416.8817169834 -3583.11828301659
1 0 0 0 1 0 0 0 1 0 0 0 -1349.7534318256 -3450.24656817439
1 0 0 0 1 0 0 0 1 0 0 0 -1450.18805398477 -3549.81194601522
1 0 0 0 1 0 0 0 1 0 0 0 -1446.54650810808 -3553.45349189191
1 0 0 0 1 0 0 0 1 0 0 0 -1355.01124864616 -3444.98875135383
1 0 0 0 1 0 0 0 1 0 0 0 -1354.67959800691 -3445.32040199308
1 0 0 0 1 0 0 0 1 0 0 0 -1377.09238255159 -3422.9076174484
1 0 0 0 1 0 0 0 1 0 0 0 -1498.08774945928 -3501.91225054071
1 0 0 0 1 0 0 0 1 0 0 0 -1500.02407187744 -3499.97592812255
1 0 0 0 1 0 0 0 1 0 0 0 -1501.8839243847 -3498.11607561529
1 0 0 0 1 0 0 0 1 0 0 0 -1492.87792909557 -3507.12207090442
1 0 0 0 1 0 0 0 1 0 0 0 -1499.91861287292 -3500.08138712707
1 0 0 0 1 0 0 0 1 0 0 0 -1522.25462113685 -3477.74537886314
1 0 0 0 1 0 0 0 1 0 0 0 -1527.26012173669 -3472.7398782633
1 0 0 0 1 0 0 0 1 0 0 0 -1532.32168025786 -3467.67831974213
1 0 0 0 1 0 0 0 1 0 0 0 -1539.84316673837 -3460.15683326162
1 0 0 0 1 0 0 0 1 0 0 0 -1523.81266120013 -3476.18733879986
1 0 0 0 1 0 0 0 1 0 0 0 -1515.63951206051 -3484.36048793948
1 0 0 0 1 0 0 0 1 0 0 0 -1510.10216482021 -3489.89783517978
1 0 0 0 1 0 0 0 1 0 0 0 -1492.49217084925 -3507.50782915074
1 0 0 0 1 0 0 0 1 0 0 0 -1379.0443469963 -3420.95565300369
1 0 0 0 1 0 0 0 1 0 0 0 -1468.98043024372 -3531.01956975627
1 0 0 0 1 0 0 0 1 0 0 0 -1454.48802334277 -3545.51197665722
1 0 0 0 1 0 0 0 1 0 0 0 -1335.60593716033 -3464.39406283966
1 0 0 0 1 0 0 0 1 0 0 0 -1321.65866031698 -3478.34133968301
1 0 0 0 1 0 0 0 1 0 0 0 -1198.90877243772 -3401.09122756227
1 0 0 0 1 0 0 0 1 0 0 0 -1167.39664230814 -3432.60335769185
1 0 0 0 1 0 0 0 1 0 0 0 -1150.16075288767 -3449.83924711232
1 0 0 0 1 0 0 0 1 0 0 0 -1336.05239462085 -3663.94760537914
1 0 0 0 1 0 0 0 1 0 0 0 -1339.4196159693 -3660.5803840307
1 0 0 0 1 0 0 0 1 0 0 0 -1329.5892758733 -3670.41072412669
1 0 0 0 1 0 0 0 1 0 0 0 -1305.01171245998 -3694.98828754001
1 0 0 0 1 0 0 0 1 0 0 0 -1290.81548038444 -3709.18451961555
1 0 0 0 1 0 0 0 1 0 0 0 -1282.39636170418 -3717.60363829581
1 0 0 0 1 0 0 0 1 0 0 0 -1369.45310902562 -3830.54689097437
1 0 0 0 1 0 0 0 1 0 0 0 -1252.81841379957 -3747.18158620042
1 0 0 0 1 0 0 0 1 0 0 0 -1336.22523506935 -3863.77476493064
1 0 0 0 1 0 0 0 1 0 0 0 -1337.8175200229 -3862.18247997709
1 0 0 0 1 0 0 0 1 0 0 0 -1337.32033998193 -3862.67966001806
1 0 0 0 1 0 0 0 1 0 0 0 -1331.09637461116 -3868.90362538883
1 0 0 0 1 0 0 0 1 0 0 0 -1328.30620493488 -3871.69379506511
1 0 0 0 1 0 0 0 1 0 0 0 -1325.44423157603 -3874.55576842396
1 0 0 0 1 0 0 0 1 0 0 0 -1326.53754619217 -3873.46245380782
1 0 0 0 1 0 0 0 1 0 0 0 -1338.28846823174 -3861.71153176825
1 0 0 0 1 0 0 0 1 0 0 0 -1346.51234448459 -3853.48765551541
1 0 0 0 1 0 0 0 1 0 0 0 -1346.55890020078 -3853.44109979921
1 0 0 0 1 0 0 0 1 0 0 0 -1245.98350402487 -3754.01649597512
1 0 0 0 1 0 0 0 1 0 0 0 -1245.56051594086 -3754.43948405913
1 0 0 0 1 0 0 0 1 0 0 0 -1245.40378539824 -3754.59621460175
1 0 0 0 1 0 0 0 1 0 0 0 -1245.68730379845 -3754.31269620154
1 0 0 0 1 0 0 0 1 0 0 0 -1245.53818214565 -3754.46181785434
1 0 0 0 1 0 0 0 1 0 0 0 -1246.99114399088 -3753.00885600911
1 0 0 0 1 0 0 0 1 0 0 0 -1359.52302672888 -3840.47697327112
1 0 0 0 1 0 0 0 1 0 0 0 -1275.96475046674 -3724.03524953325
1 0 0 0 1 0 0 0 1 0 0 0 -1285.98131308718 -3714.01868691281
1 0 0 0 1 0 0 0 1 0 0 0 -1290.06343106451 -3709.93656893548
1 0 0 0 1 0 0 0 1 0 0 0 -1298.2138299059 -3701.78617009409
1 0 0 0 1 0 0 0 1 0 0 0 -1309.24171806997 -3690.75828193002
1 0 0 0 1 0 0 0 1 0 0 0 -1318.96092256477 -3681.03907743522
1 0 0 0 1 0 0 0 1 0 0 0 -1327.18299403289 -3672.8170059671
1 0 0 0 1 0 0 0 1 0 0 0 -1336.34019947622 -3663.65980052377
1 0 0 0 1 0 0 0 1 0 0 0 -1348.01946907627 -3651.98053092372
1 0 0 0 1 0 0 0 1 0 0 0 -1351.38183475005 -3648.61816524994
1 0 0 0 1 0 0 0 1 0 0 0 -1354.27351397925 -3645.72648602074
1 0 0 0 1 0 0 0 1 0 0 0 -1361.13896821 -3638.86103178999
1 0 0 0 1 0 0 0 1 0 0 0 -1372.26156795509 -3627.7384320449
1 0 0 0 1 0 0 0 1 0 0 0 -1383.2977086716 -3616.70229132839
1 0 0 0 1 0 0 0 1 0 0 0 -1396.64460492222 -3603.35539507777
1 0 0 0 1 0 0 0 1 0 0 0 -1414.9871984197 -3585.01280158029
1 0 0 0 1 0 0 0 1 0 0 0 -1125.84699255898 -3274.15300744101
1 0 0 0 1 0 0 0 1 0 0 0 -1127.75104283611 -3272.24895716388
1 0 0 0 1 0 0 0 1 0 0 0 -1134.86507073554 -3265.13492926445
1 0 0 0 1 0 0 0 1 0 0 0 -1440.888757134 -3559.11124286599
1 0 0 0 1 0 0 0 1 0 0 0 -1444.68366464848 -3555.31633535151
1 0 0 0 1 0 0 0 1 0 0 0 -1447.05926567893 -3552.94073432106
1 0 0 0 1 0 0 0 1 0 0 0 -1440.35881502312 -3559.64118497687
1 0 0 0 1 0 0 0 1 0 0 0 -1436.59888181773 -3563.40111818226
1 0 0 0 1 0 0 0 1 0 0 0 -1443.18022161061 -3556.81977838938
1 0 0 0 1 0 0 0 1 0 0 0 -1456.58971861219 -3543.4102813878
1 0 0 0 1 0 0 0 1 0 0 0 -1458.44431323122 -3541.55568676877
1 0 0 0 1 0 0 0 1 0 0 0 -1450.52735943288 -3549.47264056711
1 0 0 0 1 0 0 0 1 0 0 0 -1446.83018196037 -3553.16981803962
1 0 0 0 1 0 0 0 1 0 0 0 -1440.22031852268 -3559.77968147731
1 0 0 0 1 0 0 0 1 0 0 0 -1434.34380359399 -3565.656196406
1 0 0 0 1 0 0 0 1 0 0 0 -1427.77999014859 -3572.2200098514
1 0 0 0 1 0 0 0 1 0 0 0 -1433.40828331472 -3566.59171668527
1 0 0 0 1 0 0 0 1 0 0 0 -1433.56074459968 -3566.43925540031
1 0 0 0 1 0 0 0 1 0 0 0 -1435.21696063637 -3564.78303936362
1 0 0 0 1 0 0 0 1 0 0 0 -1423.59155904287 -3576.40844095712
1 0 0 0 1 0 0 0 1 0 0 0 -1419.42696835066 -3580.57303164933
1 0 0 0 1 0 0 0 1 0 0 0 -1413.19091217382 -3586.80908782617
1 0 0 0 1 0 0 0 1 0 0 0 -1415.2498904675 -3584.75010953249
1 0 0 0 1 0 0 0 1 0 0 0 -1419.85660520624 -3580.14339479375
1 0 0 0 1 0 0 0 1 0 0 0 -1420.78877789492 -3579.21122210507
1 0 0 0 1 0 0 0 1 0 0 0 -1423.32296483632 -3576.67703516367
1 0 0 0 1 0 0 0 1 0 0 0 -1515.92499035719 -3684.0750096428
1 0 0 0 1 0 0 0 1 0 0 0 -1409.34463321769 -3590.65536678231
1 0 0 0 1 0 0 0 1 0 0 0 -1408.19504583801 -3591.80495416198
1 0 0 0 1 0 0 0 1 0 0 0 -1417.19607288 -3582.80392711999
1 0 0 0 1 0 0 0 1 0 0 0 -1432.29368813274 -3567.70631186725
1 0 0 0 1 0 0 0 1 0 0 0 -1444.32456117956 -3555.67543882043
1 0 0 0 1 0 0 0 1 0 0 0 -1548.38612860251 -3651.61387139748
1 0 0 0 1 0 0 0 1 0 0 0 -1552.37178781951 -3647.62821218048
1 0 0 0 1 0 0 0 1 0 0 0 -1544.85257197727 -3655.14742802272
1 0 0 0 1 0 0 0 1 0 0 0 -1434.69790349594 -3565.30209650405
1 0 0 0 1 0 0 0 1 0 0 0 -1433.98953461455 -3566.01046538544
1 0 0 0 1 0 0 0 1 0 0 0 -1440.10645998629 -3559.8935400137
1 0 0 0 1 0 0 0 1 0 0 0 -1535.56813882311 -3664.43186117688
1 0 0 0 1 0 0 0 1 0 0 0 -1529.85506917393 -3670.14493082606
1 0 0 0 1 0 0 0 1 0 0 0 -1526.98540715768 -3673.01459284231
1 0 0 0 1 0 0 0 1 0 0 0 -1520.16402686131 -3679.83597313868
1 0 0 0 1 0 0 0 1 0 0 0 -1519.96437367466 -3680.03562632533
1 0 0 0 1 0 0 0 1 0 0 0 -1518.76556163519 -3681.2344383648
1 0 0 0 1 0 0 0 1 0 0 0 -1511.35932241484 -3688.64067758515
1 0 0 0 1 0 0 0 1 0 0 0 -1510.90507025442 -3689.09492974557
1 0 0 0 1 0 0 0 1 0 0 0 -1406.37421552983 -3593.62578447016
1 0 0 0 1 0 0 0 1 0 0 0 -1403.06117433213 -3596.93882566786
1 0 0 0 1 0 0 0 1 0 0 0 -1404.125074376 -3595.87492562399
1 0 0 0 1 0 0 0 1 0 0 0 -1414.83045658875 -3585.16954341124
1 0 0 0 1 0 0 0 1 0 0 0 -1430.58492162759 -3569.4150783724
1 0 0 0 1 0 0 0 1 0 0 0 -1457.96605975478 -3542.03394024521
1 0 0 0 1 0 0 0 1 0 0 0 -1474.74394174442 -3525.25605825557
1 0 0 0 1 0 0 0 1 0 0 0 -1465.82235413268 -3534.17764586731
1 0 0 0 1 0 0 0 1 0 0 0 -1461.12211826927 -3538.87788173072
1 0 0 0 1 0 0 0 1 0 0 0 -1454.33327308281 -3545.66672691718
1 0 0 0 1 0 0 0 1 0 0 0 -1454.79465863723 -3545.20534136276
1 0 0 0 1 0 0 0 1 0 0 0 -1459.47864418888 -3540.52135581111
1 0 0 0 1 0 0 0 1 0 0 0 -1573.89648886026 -3626.10351113973
1 0 0 0 1 0 0 0 1 0 0 0 -1491.13360870275 -3508.86639129724
1 0 0 0 1 0 0 0 1 0 0 0 -1387.7189954343 -3412.28100456569
1 0 0 0 1 0 0 0 1 0 0 0 -1381.02975568044 -3418.97024431955
1 0 0 0 1 0 0 0 1 0 0 0 -1381.46371488941 -3418.53628511058
1 0 0 0 1 0 0 0 1 0 0 0 -1372.52235999685 -3427.47764000314
1 0 0 0 1 0 0 0 1 0 0 0 -1366.90875158344 -3433.09124841655
1 0 0 0 1 0 0 0 1 0 0 0 -1368.27986107575 -3431.72013892424
1 0 0 0 1 0 0 0 1 0 0 0 -1468.68349603006 -3531.31650396993
1 0 0 0 1 0 0 0 1 0 0 0 -1377.33398957313 -3422.66601042686
1 0 0 0 1 0 0 0 1 0 0 0 -1384.45236648304 -3415.54763351695
1 0 0 0 1 0 0 0 1 0 0 0 -1382.43356582797 -3417.56643417202
1 0 0 0 1 0 0 0 1 0 0 0 -1378.90704647451 -3421.09295352548
1 0 0 0 1 0 0 0 1 0 0 0 -1379.38661847068 -3420.61338152931
1 0 0 0 1 0 0 0 1 0 0 0 -1378.24810445637 -3421.75189554363
1 0 0 0 1 0 0 0 1 0 0 0 -1375.04480881758 -3424.95519118241
1 0 0 0 1 0 0 0 1 0 0 0 -1374.77289858835 -3425.22710141164
1 0 0 0 1 0 0 0 1 0 0 0 -1375.34032147843 -3424.65967852156
1 0 0 0 1 0 0 0 1 0 0 0 -1372.59011643068 -3427.40988356931
1 0 0 0 1 0 0 0 1 0 0 0 -1374.05984496819 -3425.9401550318
1 0 0 0 1 0 0 0 1 0 0 0 -1378.45049943954 -3421.54950056045
1 0 0 0 1 0 0 0 1 0 0 0 -1376.57362453642 -3423.42637546357
1 0 0 0 1 0 0 0 1 0 0 0 -1366.91881689067 -3433.08118310932
1 0 0 0 1 0 0 0 1 0 0 0 -1357.88208520099 -3442.117914799
1 0 0 0 1 0 0 0 1 0 0 0 -1447.05253321374 -3552.94746678625
1 0 0 0 1 0 0 0 1 0 0 0 -1414.73296101082 -3585.26703898917
1 0 0 0 1 0 0 0 1 0 0 0 -1392.96525476553 -3607.03474523446
1 0 0 0 1 0 0 0 1 0 0 0 -1378.5034863582 -3621.49651364179
1 0 0 0 1 0 0 0 1 0 0 0 -1374.0696293131 -3625.93037068689
1 0 0 0 1 0 0 0 1 0 0 0 -1387.92643288686 -3612.07356711313
1 0 0 0 1 0 0 0 1 0 0 0 -1284.65254506071 -3515.34745493928
1 0 0 0 1 0 0 0 1 0 0 0 -1266.29345728362 -3533.70654271637
1 0 0 0 1 0 0 0 1 0 0 0 -1344.32481370332 -3655.67518629667
1 0 0 0 1 0 0 0 1 0 0 0 -1314.9908543729 -3685.00914562709
1 0 0 0 1 0 0 0 1 0 0 0 -1287.57607420283 -3712.42392579716
1 0 0 0 1 0 0 0 1 0 0 0 -1274.32654595312 -3725.67345404687
1 0 0 0 1 0 0 0 1 0 0 0 -1299.08156627852 -3700.91843372147
1 0 0 0 1 0 0 0 1 0 0 0 -1331.19108259216 -3668.80891740783
1 0 0 0 1 0 0 0 1 0 0 0 -1344.45570484903 -3655.54429515096
1 0 0 0 1 0 0 0 1 0 0 0 -1347.35724703447 -3652.64275296553
1 0 0 0 1 0 0 0 1 0 0 0 -1340.33728205902 -3659.66271794097
1 0 0 0 1 0 0 0 1 0 0 0 -1324.52241147079 -3675.4775885292
1 0 0 0 1 0 0 0 1 0 0 0 -1294.51599130205 -3705.48400869794
1 0 0 0 1 0 0 0 1 0 0 0 -1274.08892074597 -3725.91107925402
1 0 0 0 1 0 0 0 1 0 0 0 -1269.59357603072 -3730.40642396927
1 0 0 0 1 0 0 0 1 0 0 0 -1284.28413370269 -3715.7158662973
1 0 0 0 1 0 0 0 1 0 0 0 -1304.02895029525 -3695.97104970474
1 0 0 0 1 0 0 0 1 0 0 0 -1312.94347308194 -3687.05652691805
1 0 0 0 1 0 0 0 1 0 0 0 -1321.38002196817 -3678.61997803182
1 0 0 0 1 0 0 0 1 0 0 0 -1315.34120138963 -3684.65879861036
1 0 0 0 1 0 0 0 1 0 0 0 -1302.44910040004 -3697.55089959995
1 0 0 0 1 0 0 0 1 0 0 0 -1293.22944519948 -3706.77055480051
1 0 0 0 1 0 0 0 1 0 0 0 -1301.01672055213 -3698.98327944786
1 0 0 0 1 0 0 0 1 0 0 0 -1335.51250427982 -3664.48749572017
1 0 0 0 1 0 0 0 1 0 0 0 -1356.51117975606 -3643.48882024393
1 0 0 0 1 0 0 0 1 0 0 0 -1366.63342596131 -3633.36657403868
1 0 0 0 1 0 0 0 1 0 0 0 -1355.45486346873 -3644.54513653126
1 0 0 0 1 0 0 0 1 0 0 0 -1339.38452645929 -3660.6154735407
1 0 0 0 1 0 0 0 1 0 0 0 -1326.84441211515 -3673.15558788484
1 0 0 0 1 0 0 0 1 0 0 0 -1326.77028744993 -3673.22971255006
1 0 0 0 1 0 0 0 1 0 0 0 -1336.60247102458 -3663.39752897541
1 0 0 0 1 0 0 0 1 0 0 0 -1356.23946820174 -3643.76053179825
1 0 0 0 1 0 0 0 1 0 0 0 -1371.37690401412 -3628.62309598587
1 0 0 0 1 0 0 0 1 0 0 0 -1372.04532760459 -3627.95467239541
1 0 0 0 1 0 0 0 1 0 0 0 -1364.40387278478 -3635.59612721521
1 0 0 0 1 0 0 0 1 0 0 0 -1353.13711096895 -3646.86288903104
1 0 0 0 1 0 0 0 1 0 0 0 -1351.72716767149 -3648.2728323285
1 0 0 0 1 0 0 0 1 0 0 0 -1357.02271127565 -3642.97728872435
1 0 0 0 1 0 0 0 1 0 0 0 -1363.0501867461 -3636.94981325389
1 0 0 0 1 0 0 0 1 0 0 0 -1368.32005903431 -3631.67994096568
1 0 0 0 1 0 0 0 1 0 0 0 -1363.18707648548 -3636.81292351451
1 0 0 0 1 0 0 0 1 0 0 0 -1358.92241259488 -3641.07758740511
1 0 0 0 1 0 0 0 1 0 0 0 -1351.68708521986 -3648.31291478013
1 0 0 0 1 0 0 0 1 0 0 0 -1344.71352775138 -3655.28647224861
1 0 0 0 1 0 0 0 1 0 0 0 -1341.56286908728 -3658.43713091271
1 0 0 0 1 0 0 0 1 0 0 0 -1340.67759574415 -3659.32240425584
1 0 0 0 1 0 0 0 1 0 0 0 -1338.55950452016 -3661.44049547983
1 0 0 0 1 0 0 0 1 0 0 0 -1344.28083324907 -3655.71916675092
1 0 0 0 1 0 0 0 1 0 0 0 -1346.26193856363 -3653.73806143636
1 0 0 0 1 0 0 0 1 0 0 0 -1345.78764230937 -3654.21235769062
1 0 0 0 1 0 0 0 1 0 0 0 -1348.0862212388 -3651.91377876119
1 0 0 0 1 0 0 0 1 0 0 0 -1344.326006088 -3655.67399391199
1 0 0 0 1 0 0 0 1 0 0 0 -1338.73569797125 -3661.26430202874
1 0 0 0 1 0 0 0 1 0 0 0 -1334.92492160742 -3665.07507839257
1 0 0 0 1 0 0 0 1 0 0 0 -1334.3326912601 -3665.66730873989
1 0 0 0 1 0 0 0 1 0 0 0 -1340.29624096887 -3659.70375903112
1 0 0 0 1 0 0 0 1 0 0 0 -1350.08596598363 -3649.91403401636
1 0 0 0 1 0 0 0 1 0 0 0 -1354.34844536369 -3645.6515546363
1 0 0 0 1 0 0 0 1 0 0 0 -1349.82218323087 -3650.17781676912
1 0 0 0 1 0 0 0 1 0 0 0 -1341.35141133103 -3658.64858866896
1 0 0 0 1 0 0 0 1 0 0 0 -1340.0006860452 -3659.99931395479
1 0 0 0 1 0 0 0 1 0 0 0 -1335.76543463129 -3664.2345653687
1 0 0 0 1 0 0 0 1 0 0 0 -1335.94480493726 -3664.05519506273
1 0 0 0 1 0 0 0 1 0 0 0 -1347.34395891131 -3652.65604108868
1 0 0 0 1 0 0 0 1 0 0 0 -1349.81754565561 -3650.18245434438
1 0 0 0 1 0 0 0 1 0 0 0 -1344.8741237785 -3655.12587622149
1 0 0 0 1 0 0 0 1 0 0 0 -1337.29615529362 -3662.70384470637
1 0 0 0 1 0 0 0 1 0 0 0 -1324.91356340968 -3675.08643659031
1 0 0 0 1 0 0 0 1 0 0 0 -1324.48687901091 -3675.51312098908
1 0 0 0 1 0 0 0 1 0 0 0 -1327.99798968295 -3672.00201031704
1 0 0 0 1 0 0 0 1 0 0 0 -1325.93157087057 -3674.06842912942
1 0 0 0 1 0 0 0 1 0 0 0 -1325.0544716626 -3674.94552833739
1 0 0 0 1 0 0 0 1 0 0 0 -1320.13572256863 -3679.86427743136
1 0 0 0 1 0 0 0 1 0 0 0 -1309.08139526917 -3690.91860473082
1 0 0 0 1 0 0 0 1 0 0 0 -1308.6842216171 -3691.31577838289
1 0 0 0 1 0 0 0 1 0 0 0 -1306.53642920182 -3693.46357079817
1 0 0 0 1 0 0 0 1 0 0 0 -1301.21282456027 -3698.78717543972
1 0 0 0 1 0 0 0 1 0 0 0 -1295.60966906793 -3704.39033093206
1 0 0 0 1 0 0 0 1 0 0 0 -1293.57659092627 -3706.42340907372
1 0 0 0 1 0 0 0 1 0 0 0 -1299.38330279841 -3700.61669720158
1 0 0 0 1 0 0 0 1 0 0 0 -1303.08294463519 -3696.9170553648
1 0 0 0 1 0 0 0 1 0 0 0 -1303.3247138963 -3696.67528610369
1 0 0 0 1 0 0 0 1 0 0 0 -1293.44002037199 -3706.559979628
1 0 0 0 1 0 0 0 1 0 0 0 -1273.44324794859 -3726.5567520514
1 0 0 0 1 0 0 0 1 0 0 0 -1262.71207929182 -3737.28792070817
1 0 0 0 1 0 0 0 1 0 0 0 -1256.95506346514 -3743.04493653485
1 0 0 0 1 0 0 0 1 0 0 0 -1256.47809631397 -3743.52190368602
1 0 0 0 1 0 0 0 1 0 0 0 -1262.78815939282 -3737.21184060717
1 0 0 0 1 0 0 0 1 0 0 0 -1260.91310001215 -3739.08689998784
1 0 0 0 1 0 0 0 1 0 0 0 -1256.60927323336 -3743.39072676663
1 0 0 0 1 0 0 0 1 0 0 0 -1253.31807330088 -3746.68192669911
1 0 0 0 1 0 0 0 1 0 0 0 -1250.01028341818 -3749.98971658181
1 0 0 0 1 0 0 0 1 0 0 0 -1249.41314113771 -3750.58685886228
1 0 0 0 1 0 0 0 1 0 0 0 -1249.85169697132 -3750.14830302867
1 0 0 0 1 0 0 0 1 0 0 0 -1250.44066940381 -3749.55933059618
1 0 0 0 1 0 0 0 1 0 0 0 -1248.98231722914 -3751.01768277085
1 0 0 0 1 0 0 0 1 0 0 0 -1247.19901207419 -3752.8009879258
1 0 0 0 1 0 0 0 1 0 0 0 -1245.2385459351 -3754.76145406489
1 0 0 0 1 0 0 0 1 0 0 0 -1246.263254516 -3753.73674548399
1 0 0 0 1 0 0 0 1 0 0 0 -1248.01803929929 -3751.9819607007
1 0 0 0 1 0 0 0 1 0 0 0 -1249.37006500179 -3750.6299349982
1 0 0 0 1 0 0 0 1 0 0 0 -1248.61914801976 -3751.38085198023
1 0 0 0 1 0 0 0 1 0 0 0 -1248.15435072162 -3751.84564927837
1 0 0 0 1 0 0 0 1 0 0 0 -1246.43958964764 -3753.56041035235
1 0 0 0 1 0 0 0 1 0 0 0 -1243.77268535147 -3756.22731464852
1 0 0 0 1 0 0 0 1 0 0 0 -1245.07384645164 -3754.92615354835
1 0 0 0 1 0 0 0 1 0 0 0 -1245.39011511809 -3754.6098848819
1 0 0 0 1 0 0 0 1 0 0 0 -1245.57561883502 -3754.42438116497
1 0 0 0 1 0 0 0 1 0 0 0 -1247.84245083726 -3752.15754916273
1 0 0 0 1 0 0 0 1 0 0 0 -1253.9523042699 -3746.04769573009
1 0 0 0 1 0 0 0 1 0 0 0 -1261.67378690974 -3738.32621309025
1 0 0 0 1 0 0 0 1 0 0 0 -1266.05236569278 -3733.94763430721
1 0 0 0 1 0 0 0 1 0 0 0 -1267.60581646968 -3732.39418353031
1 0 0 0 1 0 0 0 1 0 0 0 -1266.15760948774 -3733.84239051225
1 0 0 0 1 0 0 0 1 0 0 0 -1263.97076588653 -3736.02923411346
1 0 0 0 1 0 0 0 1 0 0 0 -1259.55538731658 -3740.44461268341
1 0 0 0 1 0 0 0 1 0 0 0 -1257.51049502943 -3742.48950497056
1 0 0 0 1 0 0 0 1 0 0 0 -1257.59979310834 -3742.40020689165
1 0 0 0 1 0 0 0 1 0 0 0 -1257.7101664121 -3742.28983358789
1 0 0 0 1 0 0 0 1 0 0 0 -1257.01555081117 -3742.98444918882
1 0 0 0 1 0 0 0 1 0 0 0 -1256.0545757417 -3743.94542425829
1 0 0 0 1 0 0 0 1 0 0 0 -1255.56531599736 -3744.43468400264
1 0 0 0 1 0 0 0 1 0 0 0 -1250.92094028613 -3749.07905971386
1 0 0 0 1 0 0 0 1 0 0 0 -1248.64680213904 -3751.35319786095
1 0 0 0 1 0 0 0 1 0 0 0 -1246.12083796522 -3753.87916203477
1 0 0 0 1 0 0 0 1 0 0 0 -1246.67008583321 -3753.32991416678
1 0 0 0 1 0 0 0 1 0 0 0 -1248.3734146701 -3751.6265853299
1 0 0 0 1 0 0 0 1 0 0 0 -1249.89925057858 -3750.10074942141
1 0 0 0 1 0 0 0 1 0 0 0 -1250.5701539631 -3749.42984603689
1 0 0 0 1 0 0 0 1 0 0 0 -1250.30464884567 -3749.69535115432
1 0 0 0 1 0 0 0 1 0 0 0 -1248.23043938888 -3751.76956061111
1 0 0 0 1 0 0 0 1 0 0 0 -1246.63908648909 -3753.36091351089
1 0 0 0 1 0 0 0 1 0 0 0 -1246.71328722059 -3753.2867127794
1 0 0 0 1 0 0 0 1 0 0 0 -1247.61195641815 -3752.38804358184
1 0 0 0 1 0 0 0 1 0 0 0 -1248.78174992859 -3751.2182500714
1 0 0 0 1 0 0 0 1 0 0 0 -1248.52102741637 -3751.47897258362
1 0 0 0 1 0 0 0 1 0 0 0 -1247.46457695047 -3752.53542304952
1 0 0 0 1 0 0 0 1 0 0 0 -1246.9434737366 -3753.05652626339
1 0 0 0 1 0 0 0 1 0 0 0 -1247.65892743291 -3752.34107256708
1 0 0 0 1 0 0 0 1 0 0 0 -1247.85836402695 -3752.14163597304
1 0 0 0 1 0 0 0 1 0 0 0 -1247.76828384892 -3752.23171615107
1 0 0 0 1 0 0 0 1 0 0 0 -1248.01621703218 -3751.98378296781
1 0 0 0 1 0 0 0 1 0 0 0 -1248.64460007946 -3751.35539992053
1 0 0 0 1 0 0 0 1 0 0 0 -1247.36126486499 -3752.638735135
1 0 0 0 1 0 0 0 1 0 0 0 -1246.55536795413 -3753.44463204586
1 0 0 0 1 0 0 0 1 0 0 0 -1245.8488816711 -3754.15111832889
1 0 0 0 1 0 0 0 1 0 0 0 -1245.82570602404 -3754.17429397595
1 0 0 0 1 0 0 0 1 0 0 0 -1245.64672641123 -3754.35327358876
1 0 0 0 1 0 0 0 1 0 0 0 -1246.66720257686 -3753.33279742313
1 0 0 0 1 0 0 0 1 0 0 0 -1246.63164355888 -3753.36835644111
1 0 0 0 1 0 0 0 1 0 0 0 -1245.55773328171 -3754.44226671828
1 0 0 0 1 0 0 0 1 0 0 0 -1245.76394724103 -3754.23605275896
1 0 0 0 1 0 0 0 1 0 0 0 -1246.08105794032 -3753.91894205967
1 0 0 0 1 0 0 0 1 0 0 0 -1246.29512228884 -3753.70487771115
1 0 0 0 1 0 0 0 1 0 0 0 -1247.47782200256 -3752.52217799743
1 0 0 0 1 0 0 0 1 0 0 0 -1248.24421488875 -3751.75578511124
1 0 0 0 1 0 0 0 1 0 0 0 -1248.70764046036 -3751.29235953963
1 0 0 0 1 0 0 0 1 0 0 0 -1249.11149879765 -3750.88850120234
1 0 0 0 1 0 0 0 1 0 0 0 -1249.0340428891 -3750.96595711089
1 0 0 0 1 0 0 0 1 0 0 0 -1250.49875759198 -3749.50124240801
1 0 0 0 1 0 0 0 1 0 0 0 -1251.50311869745 -3748.49688130254
1 0 0 0 1 0 0 0 1 0 0 0 -1252.18162721392 -3747.81837278607
1 0 0 0 1 0 0 0 1 0 0 0 -1253.03111774285 -3746.96888225714
1 0 0 0 1 0 0 0 1 0 0 0 -1252.33426222339 -3747.6657377766
1 0 0 0 1 0 0 0 1 0 0 0 -1252.5808036032 -3747.41919639679
1 0 0 0 1 0 0 0 1 0 0 0 -1252.45125483607 -3747.54874516392
1 0 0 0 1 0 0 0 1 0 0 0 -1252.40850146294 -3747.59149853705
1 0 0 0 1 0 0 0 1 0 0 0 -1253.43219848384 -3746.56780151615
1 0 0 0 1 0 0 0 1 0 0 0 -1252.5509738999 -3747.44902610009
1 0 0 0 1 0 0 0 1 0 0 0 -1252.68099361817 -3747.31900638182
1 0 0 0 1 0 0 0 1 0 0 0 -1251.6520934825 -3748.34790651749
1 0 0 0 1 0 0 0 1 0 0 0 -1251.07479944279 -3748.9252005572
1 0 0 0 1 0 0 0 1 0 0 0 -1251.70665930661 -3748.29334069338
1 0 0 0 1 0 0 0 1 0 0 0 -1250.18506391979 -3749.8149360802
1 0 0 0 1 0 0 0 1 0 0 0 -1250.4122007363 -3749.58779926369
1 0 0 0 1 0 0 0 1 0 0 0 -1250.23622775763 -3749.76377224236
1 0 0 0 1 0 0 0 1 0 0 0 -1250.48022581074 -3749.51977418925
1 0 0 0 1 0 0 0 1 0 0 0 -1249.14750166589 -3750.8524983341
1 0 0 0 1 0 0 0 1 0 0 0 -1248.79239432326 -3751.20760567673
1 0 0 0 1 0 0 0 1 0 0 0 -1249.56928002713 -3750.43071997286
1 0 0 0 1 0 0 0 1 0 0 0 -1249.66158127947 -3750.33841872052
1 0 0 0 1 0 0 0 1 0 0 0 -1249.79291495188 -3750.20708504811
1 0 0 0 1 0 0 0 1 0 0 0 -1248.94102301306 -3751.05897698693
1 0 0 0 1 0 0 0 1 0 0 0 -1248.52621364319 -3751.4737863568
1 0 0 0 1 0 0 0 1 0 0 0 -1248.43946311705 -3751.56053688295
1 0 0 0 1 0 0 0 1 0 0 0 -1248.44827247299 -3751.551727527
1 0 0 0 1 0 0 0 1 0 0 0 -1249.2282171503 -3750.77178284969
1 0 0 0 1 0 0 0 1 0 0 0 -1248.58213054011 -3751.41786945988
1 0 0 0 1 0 0 0 1 0 0 0 -1248.47440869076 -3751.52559130923
1 0 0 0 1 0 0 0 1 0 0 0 -1248.32360040626 -3751.67639959373
1 0 0 0 1 0 0 0 1 0 0 0 -1247.86342875525 -3752.13657124474
1 0 0 0 1 0 0 0 1 0 0 0 -1248.41786914859 -3751.5821308514
1 0 0 0 1 0 0 0 1 0 0 0 -1247.92280205329 -3752.0771979467
1 0 0 0 1 0 0 0 1 0 0 0 -1248.05652391806 -3751.94347608193
1 0 0 0 1 0 0 0 1 0 0 0 -1247.17739071188 -3752.82260928811
1 0 0 0 1 0 0 0 1 0 0 0 -1247.52533958107 -3752.47466041892
1 0 0 0 1 0 0 0 1 0 0 0 -1247.62461654249 -3752.3753834575
1 0 0 0 1 0 0 0 1 0 0 0 -1247.85919407199 -3752.140805928
1 0 0 0 1 0 0 0 1 0 0 0 -1248.94680163786 -3751.05319836213
1 0 0 0 1 0 0 0 1 0 0 0 -1248.07953161486 -3751.92046838513
1 0 0 0 1 0 0 0 1 0 0 0 -1247.83490382475 -3752.16509617524
1 0 0 0 1 0 0 0 1 0 0 0 -1247.44333620062 -3752.55666379937
1 0 0 0 1 0 0 0 1 0 0 0 -1247.28264893443 -3752.71735106556
1 0 0 0 1 0 0 0 1 0 0 0 -1246.94306141582 -3753.05693858417
1 0 0 0 1 0 0 0 1 0 0 0 -1247.81829313097 -3752.18170686902
1 0 0 0 1 0 0 0 1 0 0 0 -1245.79947926651 -3754.20052073348
1 0 0 0 1 0 0 0 1 0 0 0 -1247.57590488708 -3752.42409511291
1 0 0 0 1 0 0 0 1 0 0 0 -1246.23377907095 -3753.76622092904
1 0 0 0 1 0 0 0 1 0 0 0 -1244.91671132257 -3755.08328867742
1 0 0 0 1 0 0 0 1 0 0 0 -1243.22448862392 -3756.77551137607
1 0 0 0 1 0 0 0 1 0 0 0 -1244.74828806162 -3755.25171193837
1 0 0 0 1 0 0 0 1 0 0 0 -1247.43936035617 -3752.56063964382
1 0 0 0 1 0 0 0 1 0 0 0 -1249.05040526993 -3750.94959473006
1 0 0 0 1 0 0 0 1 0 0 0 -1251.96588954815 -3748.03411045184
1 0 0 0 1 0 0 0 1 0 0 0 -1252.66983633934 -3747.33016366065
1 0 0 0 1 0 0 0 1 0 0 0 -1248.15289002326 -3751.84710997673
1 0 0 0 1 0 0 0 1 0 0 0 -1241.51635274644 -3758.48364725355
1 0 0 0 1 0 0 0 1 0 0 0 -1235.16653080135 -3764.83346919864
1 0 0 0 1 0 0 0 1 0 0 0 -1231.2992527124 -3768.70074728759
1 0 0 0 1 0 0 0 1 0 0 0 -1230.08901890638 -3769.91098109361
1 0 0 0 1 0 0 0 1 0 0 0 -1233.57122549979 -3766.4287745002
1 0 0 0 1 0 0 0 1 0 0 0 -1236.12208339135 -3763.87791660864
1 0 0 0 1 0 0 0 1 0 0 0 -1235.735735208 -3764.26426479199
1 0 0 0 1 0 0 0 1 0 0 0 -1229.28928380989 -3770.7107161901
1 0 0 0 1 0 0 0 1 0 0 0 -500 -1974.92937641567
1 0 0 0 1 0 0 0 1 0 0 0 -500 -1973.84937646228
1 0 0 0 1 0 0 0 1 0 0 0 -500 -1971.20398886663
1 0 0 0 1 0 0 0 1 0 0 0 -1240.04369485452 -3759.95630514547
1 0 0 0 1 0 0 0 1 0 0 0 -1252.24836257255 -3747.75163742744
1 0 0 0 1 0 0 0 1 0 0 0 -1255.34568002445 -3744.65431997554
1 0 0 0 1 0 0 0 1 0 0 0 -1258.16234784941 -3741.83765215058
1 0 0 0 1 0 0 0 1 0 0 0 -1265.87444900581 -3734.12555099418
1 0 0 0 1 0 0 0 1 0 0 0 -1273.29104698037 -3726.70895301962
1 0 0 0 1 0 0 0 1 0 0 0 -1281.65052319792 -3718.34947680207
1 0 0 0 1 0 0 0 1 0 0 0 -1284.86381169404 -3715.13618830595
1 0 0 0 1 0 0 0 1 0 0 0 -1293.40605380191 -3706.59394619808
1 0 0 0 1 0 0 0 1 0 0 0 -1299.35381464042 -3700.64618535957
1 0 0 0 1 0 0 0 1 0 0 0 -1319.4971674905 -3680.50283250949
1 0 0 0 1 0 0 0 1 0 0 0 -1336.34498932857 -3663.65501067142
1 0 0 0 1 0 0 0 1 0 0 0 -1347.93972037974 -3652.06027962025
1 0 0 0 1 0 0 0 1 0 0 0 -1348.30176805453 -3651.69823194546
1 0 0 0 1 0 0 0 1 0 0 0 -1349.8390035905 -3650.16099640949
1 0 0 0 1 0 0 0 1 0 0 0 -1358.44816793782 -3641.55183206217
1 0 0 0 1 0 0 0 1 0 0 0 -1374.95932307031 -3625.04067692968
1 0 0 0 1 0 0 0 1 0 0 0 -1389.01850151819 -3610.9814984818
1 0 0 0 1 0 0 0 1 0 0 0 -1400.3885565993 -3599.61144340069
1 0 0 0 1 0 0 0 1 0 0 0 -1419.41081943232 -3580.58918056767
1 0 0 0 1 0 0 0 1 0 0 0 -1422.13672762632 -3577.86327237367
1 0 0 0 1 0 0 0 1 0 0 0 -1416.68985201831 -3583.31014798168
1 0 0 0 1 0 0 0 1 0 0 0 -1414.29595912579 -3585.7040408742
1 0 0 0 1 0 0 0 1 0 0 0 -1417.65179361352 -3582.34820638647
1 0 0 0 1 0 0 0 1 0 0 0 -1434.72812267181 -3565.27187732818
1 0 0 0 1 0 0 0 1 0 0 0 -1445.21482153262 -3554.78517846737
1 0 0 0 1 0 0 0 1 0 0 0 -1447.02663611639 -3552.9733638836
1 0 0 0 1 0 0 0 1 0 0 0 -1438.66354064759 -3561.3364593524
1 0 0 0 1 0 0 0 1 0 0 0 -1431.62045677504 -3568.37954322495
1 0 0 0 1 0 0 0 1 0 0 0 -1430.4231593297 -3569.57684067029
1 0 0 0 1 0 0 0 1 0 0 0 -1431.18044761596 -3568.81955238403
1 0 0 0 1 0 0 0 1 0 0 0 -1435.82104433886 -3564.17895566113
1 0 0 0 1 0 0 0 1 0 0 0 -1430.00904796341 -3569.99095203658
1 0 0 0 1 0 0 0 1 0 0 0 -1423.54796662638 -3576.45203337361
1 0 0 0 1 0 0 0 1 0 0 0 -1414.57991576851 -3585.42008423148
1 0 0 0 1 0 0 0 1 0 0 0 -1399.06983658307 -3600.93016341692
1 0 0 0 1 0 0 0 1 0 0 0 -1390.53824690093 -3609.46175309906
1 0 0 0 1 0 0 0 1 0 0 0 -1385.26403514395 -3614.73596485604
1 0 0 0 1 0 0 0 1 0 0 0 -1386.47574687148 -3613.52425312851
1 0 0 0 1 0 0 0 1 0 0 0 -1387.09683683533 -3612.90316316466
1 0 0 0 1 0 0 0 1 0 0 0 -1382.53806207754 -3617.46193792245
1 0 0 0 1 0 0 0 1 0 0 0 -1379.03868614724 -3620.96131385275
1 0 0 0 1 0 0 0 1 0 0 0 -1379.84564703742 -3620.15435296257
1 0 0 0 1 0 0 0 1 0 0 0 -1380.97545046773 -3619.02454953226
1 0 0 0 1 0 0 0 1 0 0 0 -1382.5992246898 -3617.40077531019
1 0 0 0 1 0 0 0 1 0 0 0 -1382.92115607985 -3617.07884392014
1 0 0 0 1 0 0 0 1 0 0 0 -1381.12822992173 -3618.87177007826
1 0 0 0 1 0 0 0 1 0 0 0 -1380.52273610621 -3619.47726389378
1 0 0 0 1 0 0 0 1 0 0 0 -1377.96103697364 -3622.03896302635
1 0 0 0 1 0 0 0 1 0 0 0 -1381.25056239412 -3618.74943760587
1 0 0 0 1 0 0 0 1 0 0 0 -1387.08000033112 -3612.91999966887
1 0 0 0 1 0 0 0 1 0 0 0 -1391.43465928192 -3608.56534071807
1 0 0 0 1 0 0 0 1 0 0 0 -1392.57153805537 -3607.42846194462
1 0 0 0 1 0 0 0 1 0 0 0 -1393.78259796917 -3606.21740203082
1 0 0 0 1 0 0 0 1 0 0 0 -1394.21402482559 -3605.7859751744
1 0 0 0 1 0 0 0 1 0 0 0 -1397.92565209475 -3602.07434790524
1 0 0 0 1 0 0 0 1 0 0 0 -1405.10047987596 -3594.89952012403
1 0 0 0 1 0 0 0 1 0 0 0 -1410.87308891985 -3589.12691108014
1 0 0 0 1 0 0 0 1 0 0 0 -1413.78824602801 -3586.21175397198
1 0 0 0 1 0 0 0 1 0 0 0 -1416.4239155337 -3583.57608446629
1 0 0 0 1 0 0 0 1 0 0 0 -1417.18074266236 -3582.81925733763
1 0 0 0 1 0 0 0 1 0 0 0 -1415.8492116108 -3584.15078838919
1 0 0 0 1 0 0 0 1 0 0 0 -1417.17555437192 -3582.82444562807
1 0 0 0 1 0 0 0 1 0 0 0 -1420.74318867386 -3579.25681132613
1 0 0 0 1 0 0 0 1 0 0 0 -1419.87010349637 -3580.12989650362
1 0 0 0 1 0 0 0 1 0 0 0 -1422.76127884708 -3577.23872115291
1 0 0 0 1 0 0 0 1 0 0 0 -1425.30125193312 -3574.69874806687
1 0 0 0 1 0 0 0 1 0 0 0 -1427.46279831306 -3572.53720168693
1 0 0 0 1 0 0 0 1 0 0 0 -1431.82200651238 -3568.17799348761
1 0 0 0 1 0 0 0 1 0 0 0 -1434.42979073029 -3565.5702092697
1 0 0 0 1 0 0 0 1 0 0 0 -1437.8451182137 -3304
1 0 0 0 1 0 0 0 1 0 0 0 -1440.01652550111 -3559.98347449888
1 0 0 0 1 0 0 0 1 0 0 0 -1447.05953840819 -3552.9404615918
1 0 0 0 1 0 0 0 1 0 0 0 -1457.86735179972 -3542.13264820027
1 0 0 0 1 0 0 0 1 0 0 0 -1368.40715551698 -3431.59284448301
1 0 0 0 1 0 0 0 1 0 0 0 -1373.2733698991 -3426.72663010089
1 0 0 0 1 0 0 0 1 0 0 0 -1377.10607933109 -3422.8939206689
1 0 0 0 1 0 0 0 1 0 0 0 -1389.3005335603 -3410.69946643969
1 0 0 0 1 0 0 0 1 0 0 0 -1390.65923852208 -3409.34076147791
1 0 0 0 1 0 0 0 1 0 0 0 -1454.30653452243 -2782
1 0 0 0 1 0 0 0 1 0 0 0 -1436.29038310653 -2973
1 0 0 0 1 0 0 0 1 0 0 0 -1431.51783116532 -3371
1 0 0 0 1 0 0 0 1 0 0 0 -500 -1612.49890326982
1 0 0 0 1 0 0 0 1 0 0 0 -1430.42899346819 -3423.29514446283
1 0 0 0 1 0 0 0 1 0 0 0 -500 -1587.19258678581
1 0 0 0 1 0 0 0 1 0 0 0 -500 -1569.48615034044
1 0 0 0 1 0 0 0 1 0 0 0 -1458.16869061684 -2818
1 0 0 0 1 0 0 0 1 0 0 0 -1491.6702420263 -2940
1 0 0 0 1 0 0 0 1 0 0 0 -500 -1523.34303895922
1 0 0 0 1 0 0 0 1 0 0 0 -500 -1515.51514782939
1 0 0 0 1 0 0 0 1 0 0 0 -500 -1606.95249414681
1 0 0 0 1 0 0 0 1 0 0 0 -1394.74861438672 -3205.25138561327
1 0 0 0 1 0 0 0 1 0 0 0 -500 -1554.52037911201
1 0 0 0 1 0 0 0 1 0 0 0 -1491.36586317369 -3508.6341368263
1 0 0 0 1 0 0 0 1 0 0 0 -1459.33472617895 -2995
1 0 0 0 1 0 0 0 1 0 0 0 -1482.28636487998 -3517.71363512001
1 0 0 0 1 0 0 0 1 0 0 0 -1478.02263988142 -3521.97736011857
1 0 0 0 1 0 0 0 1 0 0 0 -1481.27614870296 -3518.72385129703
1 0 0 0 1 0 0 0 1 0 0 0 -1419.22622897092 -3139
1 0 0 0 1 0 0 0 1 0 0 0 -1391.60218502692 -3306
1 0 0 0 1 0 0 0 1 0 0 0 -1364.87344903954 -3435.12655096046
1 0 0 0 1 0 0 0 1 0 0 0 -1339.89217978696 -3461.29532021303
1 0 0 0 1 0 0 0 1 0 0 0 -1516.0931368463 -3683.90686315369
1 0 0 0 1 0 0 0 1 0 0 0 -1415.16035476964 -3584.83964523035
1 0 0 0 1 0 0 0 1 0 0 0 -1417.69086134877 -3582.30913865122
1 0 0 0 1 0 0 0 1 0 0 0 -1409.54449195305 -3590.45550804694
1 0 0 0 1 0 0 0 1 0 0 0 -1402.44483997068 -3597.55516002931
1 0 0 0 1 0 0 0 1 0 0 0 -1408.74873468291 -3591.25126531708
1 0 0 0 1 0 0 0 1 0 0 0 -1409.24526584564 -3590.75473415435
1 0 0 0 1 0 0 0 1 0 0 0 -1399.54743217097 -3600.45256782902
1 0 0 0 1 0 0 0 1 0 0 0 -1385.64404986028 -3614.35595013971
1 0 0 0 1 0 0 0 1 0 0 0 -1375.55990964981 -3624.44009035018
1 0 0 0 1 0 0 0 1 0 0 0 -1365.92249542874 -3634.07750457125
1 0 0 0 1 0 0 0 1 0 0 0 -1357.03644200014 -3642.96355799985
1 0 0 0 1 0 0 0 1 0 0 0 -1349.17466922023 -3650.82533077976
1 0 0 0 1 0 0 0 1 0 0 0 -1342.41289082775 -3657.58710917224
1 0 0 0 1 0 0 0 1 0 0 0 -1339.817349589 -3660.18265041099
1 0 0 0 1 0 0 0 1 0 0 0 -1340.16337849855 -3659.83662150144
1 0 0 0 1 0 0 0 1 0 0 0 -1321.64310938306 -3678.35689061693
1 0 0 0 1 0 0 0 1 0 0 0 -1312.73996998017 -3687.26003001982
1 0 0 0 1 0 0 0 1 0 0 0 -1316.55598851149 -3683.4440114885
1 0 0 0 1 0 0 0 1 0 0 0 -1329.63969196892 -3670.36030803107
1 0 0 0 1 0 0 0 1 0 0 0 -1336.34645264246 -3663.65354735754
1 0 0 0 1 0 0 0 1 0 0 0 -1334.60159750627 -3665.39840249372
1 0 0 0 1 0 0 0 1 0 0 0 -1321.27146368555 -3678.72853631444
1 0 0 0 1 0 0 0 1 0 0 0 -1312.01719667515 -3687.98280332484
1 0 0 0 1 0 0 0 1 0 0 0 -1300.40502638068 -3699.59497361931
1 0 0 0 1 0 0 0 1 0 0 0 -1287.68092862616 -3712.31907137383
1 0 0 0 1 0 0 0 1 0 0 0 -1278.14998255659 -3721.8500174434
1 0 0 0 1 0 0 0 1 0 0 0 -1278.68843184237 -3721.31156815762
1 0 0 0 1 0 0 0 1 0 0 0 -1280.4736099609 -3719.52639003909
1 0 0 0 1 0 0 0 1 0 0 0 -1298.11679105986 -3701.88320894013
1 0 0 0 1 0 0 0 1 0 0 0 -1303.32175343354 -3696.67824656645
1 0 0 0 1 0 0 0 1 0 0 0 -1293.13511526176 -3706.86488473823
1 0 0 0 1 0 0 0 1 0 0 0 -1281.22380810656 -3718.77619189343
1 0 0 0 1 0 0 0 1 0 0 0 -1277.86011853578 -3722.13988146421
1 0 0 0 1 0 0 0 1 0 0 0 -1286.57260810055 -3713.42739189944
1 0 0 0 1 0 0 0 1 0 0 0 -1284.57948239979 -3715.4205176002
1 0 0 0 1 0 0 0 1 0 0 0 -1278.89561868857 -3721.10438131142
1 0 0 0 1 0 0 0 1 0 0 0 -1280.47206387989 -3719.5279361201
1 0 0 0 1 0 0 0 1 0 0 0 -1301.58288776983 -3698.41711223016
1 0 0 0 1 0 0 0 1 0 0 0 -1320.7435822858 -3679.25641771419
1 0 0 0 1 0 0 0 1 0 0 0 -1316.75153660849 -3683.2484633915
1 0 0 0 1 0 0 0 1 0 0 0 -1316.04806280835 -3683.95193719164
1 0 0 0 1 0 0 0 1 0 0 0 -1322.86624873007 -3677.13375126992
1 0 0 0 1 0 0 0 1 0 0 0 -1334.75614102377 -3665.24385897622
1 0 0 0 1 0 0 0 1 0 0 0 -1360.71937994781 -3639.28062005218
1 0 0 0 1 0 0 0 1 0 0 0 -1360.56802285253 -3639.43197714746
1 0 0 0 1 0 0 0 1 0 0 0 -1361.38942146256 -3638.61057853743
1 0 0 0 1 0 0 0 1 0 0 0 -1358.19310736619 -3641.8068926338
1 0 0 0 1 0 0 0 1 0 0 0 -1358.1774407137 -3641.82255928629
1 0 0 0 1 0 0 0 1 0 0 0 -1379.27615523993 -3620.72384476006
1 0 0 0 1 0 0 0 1 0 0 0 -1421.82234560383 -3578.17765439616
1 0 0 0 1 0 0 0 1 0 0 0 -1344.75070706196 -3455.24929293803
1 0 0 0 1 0 0 0 1 0 0 0 -1340.42753591304 -3459.57246408695
1 0 0 0 1 0 0 0 1 0 0 0 -1355.53366441314 -3444.46633558685
1 0 0 0 1 0 0 0 1 0 0 0 -1382.75751070949 -3417.2424892905
1 0 0 0 1 0 0 0 1 0 0 0 -1402.96091470402 -3397.03908529597
1 0 0 0 1 0 0 0 1 0 0 0 -1414.2589275781 -3385.74107242189
1 0 0 0 1 0 0 0 1 0 0 0 -1503.473541023 -3496.52645897699
1 0 0 0 1 0 0 0 1 0 0 0 -1498.07160866404 -3501.92839133595
1 0 0 0 1 0 0 0 1 0 0 0 -1499.46841239968 -3500.53158760032
1 0 0 0 1 0 0 0 1 0 0 0 -1510.8263604237 -3489.17363957629
1 0 0 0 1 0 0 0 1 0 0 0 -1502.98544527509 -3497.0145547249
1 0 0 0 1 0 0 0 1 0 0 0 -1204.75531619407 -3195.24468380593
1 0 0 0 1 0 0 0 1 0 0 0 -1525.74505710596 -3474.25494289403
1 0 0 0 1 0 0 0 1 0 0 0 -1542.43130969736 -3457.56869030263
1 0 0 0 1 0 0 0 1 0 0 0 -1241.34812086878 -3158.65187913121
1 0 0 0 1 0 0 0 1 0 0 0 -1223.80835325349 -3176.1916467465
1 0 0 0 1 0 0 0 1 0 0 0 -1204.07179341194 -3195.92820658805
1 0 0 0 1 0 0 0 1 0 0 0 -1220.44588540075 -3179.55411459924
1 0 0 0 1 0 0 0 1 0 0 0 -1244.60835963653 -3155.39164036347
1 0 0 0 1 0 0 0 1 0 0 0 -1353.22193517084 -3246.77806482915
1 0 0 0 1 0 0 0 1 0 0 0 -1345.37699512425 -3254.62300487574
1 0 0 0 1 0 0 0 1 0 0 0 -1226.49886621517 -3173.50113378482
1 0 0 0 1 0 0 0 1 0 0 0 -1210.5154879141 -3189.48451208589
1 0 0 0 1 0 0 0 1 0 0 0 -1410.63430811431 -3389.36569188568
1 0 0 0 1 0 0 0 1 0 0 0 -1322.97086681831 -3277.02913318168
1 0 0 0 1 0 0 0 1 0 0 0 -1331.39868474372 -3268.60131525627
1 0 0 0 1 0 0 0 1 0 0 0 -1341.35242401418 -3258.64757598581
1 0 0 0 1 0 0 0 1 0 0 0 -1359.99295583576 -3240.00704416423
1 0 0 0 1 0 0 0 1 0 0 0 -1367.96185197288 -3232.03814802711
1 0 0 0 1 0 0 0 1 0 0 0 -1475.66769752332 -3324.33230247667
1 0 0 0 1 0 0 0 1 0 0 0 -1486.09217411313 -3313.90782588686
1 0 0 0 1 0 0 0 1 0 0 0 -1485.81725882078 -3314.18274117921
1 0 0 0 1 0 0 0 1 0 0 0 -1482.68464715472 -3317.31535284527
1 0 0 0 1 0 0 0 1 0 0 0 -1480.05607943513 -3319.94392056486
1 0 0 0 1 0 0 0 1 0 0 0 -1481.41052900605 -3318.58947099394
1 0 0 0 1 0 0 0 1 0 0 0 -1475.92698809984 -3324.07301190016
1 0 0 0 1 0 0 0 1 0 0 0 -1471.7010657161 -3328.29893428389
1 0 0 0 1 0 0 0 1 0 0 0 -1468.9367145649 -3331.06328543509
1 0 0 0 1 0 0 0 1 0 0 0 -1475.87760443908 -3324.12239556091
1 0 0 0 1 0 0 0 1 0 0 0 -1482.75339862852 -3317.24660137147
1 0 0 0 1 0 0 0 1 0 0 0 -1587.09181206453 -3412.90818793546
1 0 0 0 1 0 0 0 1 0 0 0 -1587.57774980702 -3412.42225019297
1 0 0 0 1 0 0 0 1 0 0 0 -1584.26799691899 -3415.732003081
1 0 0 0 1 0 0 0 1 0 0 0 -1578.34742054558 -3421.65257945442
1 0 0 0 1 0 0 0 1 0 0 0 -1574.45192702034 -3425.54807297965
1 0 0 0 1 0 0 0 1 0 0 0 -1574.17250704451 -3425.82749295548
1 0 0 0 1 0 0 0 1 0 0 0 -1574.77746182871 -3425.22253817128
1 0 0 0 1 0 0 0 1 0 0 0 -1572.55323262206 -3427.44676737793
1 0 0 0 1 0 0 0 1 0 0 0 -1567.50260607652 -3432.49739392347
1 0 0 0 1 0 0 0 1 0 0 0 -1569.84682584998 -3430.15317415001
1 0 0 0 1 0 0 0 1 0 0 0 -1576.01789851057 -3423.98210148942
1 0 0 0 1 0 0 0 1 0 0 0 -1574.53699139464 -3425.46300860535
1 0 0 0 1 0 0 0 1 0 0 0 -1667.49612587564 -3532.50387412435
1 0 0 0 1 0 0 0 1 0 0 0 -1655.42725996996 -3544.57274003003
1 0 0 0 1 0 0 0 1 0 0 0 -1651.91279062489 -3548.0872093751
1 0 0 0 1 0 0 0 1 0 0 0 -1651.26288993662 -3548.73711006337
1 0 0 0 1 0 0 0 1 0 0 0 -1644.78219236474 -3555.21780763525
1 0 0 0 1 0 0 0 1 0 0 0 -1630.37795408469 -3569.6220459153
1 0 0 0 1 0 0 0 1 0 0 0 -1516.76536453189 -3483.2346354681
1 0 0 0 1 0 0 0 1 0 0 0 -1603.42657326573 -3596.57342673427
1 0 0 0 1 0 0 0 1 0 0 0 -1700.90902836827 -3699.09097163172
1 0 0 0 1 0 0 0 1 0 0 0 -1698.90794731647 -3701.09205268352
1 0 0 0 1 0 0 0 1 0 0 0 -1797.66764019163 -3802.33235980836
1 0 0 0 1 0 0 0 1 0 0 0 -1703.10071383957 -3696.89928616042
1 0 0 0 1 0 0 0 1 0 0 0 -1703.14490063133 -3696.85509936866
1 0 0 0 1 0 0 0 1 0 0 0 -1604.56832279514 -3595.43167720485
1 0 0 0 1 0 0 0 1 0 0 0 -1601.47709316944 -3598.52290683055
1 0 0 0 1 0 0 0 1 0 0 0 -1596.07475783699 -3603.925242163
1 0 0 0 1 0 0 0 1 0 0 0 -1592.11981457949 -3607.8801854205
1 0 0 0 1 0 0 0 1 0 0 0 -1590.40895037672 -3609.59104962327
1 0 0 0 1 0 0 0 1 0 0 0 -1595.58637876589 -3604.4136212341
1 0 0 0 1 0 0 0 1 0 0 0 -1598.47826069063 -3601.52173930936
1 0 0 0 1 0 0 0 1 0 0 0 -1605.11673916444 -3594.88326083555
1 0 0 0 1 0 0 0 1 0 0 0 -1607.69956362374 -3592.30043637625
1 0 0 0 1 0 0 0 1 0 0 0 -1503.14747043468 -3496.85252956532
1 0 0 0 1 0 0 0 1 0 0 0 -1690.07358535942 -3709.92641464058
1 0 0 0 1 0 0 0 1 0 0 0 -1682.71179596356 -3717.28820403643
1 0 0 0 1 0 0 0 1 0 0 0 -1687.56731274381 -3712.43268725618
1 0 0 0 1 0 0 0 1 0 0 0 -1594.47682195092 -3605.52317804907
1 0 0 0 1 0 0 0 1 0 0 0 -1599.56015940985 -3600.43984059014
1 0 0 0 1 0 0 0 1 0 0 0 -1602.35755608389 -3597.6424439161
1 0 0 0 1 0 0 0 1 0 0 0 -1602.6315574619 -3597.36844253809
1 0 0 0 1 0 0 0 1 0 0 0 -1598.41432386084 -3601.58567613915
1 0 0 0 1 0 0 0 1 0 0 0 -1587.7991314356 -3612.20086856439
1 0 0 0 1 0 0 0 1 0 0 0 -1576.82211711797 -3623.17788288202
1 0 0 0 1 0 0 0 1 0 0 0 -1576.90753149827 -3623.09246850172
1 0 0 0 1 0 0 0 1 0 0 0 -1479.3219810049 -3520.67801899509
1 0 0 0 1 0 0 0 1 0 0 0 -1482.62249169132 -3517.37750830867
1 0 0 0 1 0 0 0 1 0 0 0 -1484.0244125409 -3515.97558745909
1 0 0 0 1 0 0 0 1 0 0 0 -1486.24555588476 -3513.75444411523
1 0 0 0 1 0 0 0 1 0 0 0 -1482.34495336821 -3517.65504663178
1 0 0 0 1 0 0 0 1 0 0 0 -1482.00761280369 -3517.9923871963
1 0 0 0 1 0 0 0 1 0 0 0 -1472.30010452664 -3527.69989547335
1 0 0 0 1 0 0 0 1 0 0 0 -1455.96623669417 -3544.03376330582
1 0 0 0 1 0 0 0 1 0 0 0 -1441.54903587033 -3558.45096412966
1 0 0 0 1 0 0 0 1 0 0 0 -1427.78092661061 -3572.21907338938
1 0 0 0 1 0 0 0 1 0 0 0 -1424.08743422917 -3575.91256577082
1 0 0 0 1 0 0 0 1 0 0 0 -1427.45153162502 -3572.54846837498
1 0 0 0 1 0 0 0 1 0 0 0 -1525.97469495856 -3674.02530504144
1 0 0 0 1 0 0 0 1 0 0 0 -1514.98201209477 -3685.01798790522
1 0 0 0 1 0 0 0 1 0 0 0 -1506.21593312231 -3693.78406687768
1 0 0 0 1 0 0 0 1 0 0 0 -1501.56241976263 -3698.43758023736
1 0 0 0 1 0 0 0 1 0 0 0 -1498.49688828747 -3701.50311171252
1 0 0 0 1 0 0 0 1 0 0 0 -1496.88143938362 -3703.11856061637
1 0 0 0 1 0 0 0 1 0 0 0 -1494.24679292323 -3705.75320707676
1 0 0 0 1 0 0 0 1 0 0 0 -1504.26021667091 -3695.73978332908
1 0 0 0 1 0 0 0 1 0 0 0 -1507.5119463784 -3692.48805362159
1 0 0 0 1 0 0 0 1 0 0 0 -1509.88332553838 -3690.11667446161
1 0 0 0 1 0 0 0 1 0 0 0 -1510.49320697994 -3689.50679302005
1 0 0 0 1 0 0 0 1 0 0 0 -1417.41617898047 -3582.58382101952
1 0 0 0 1 0 0 0 1 0 0 0 -1410.92385278034 -3589.07614721965
1 0 0 0 1 0 0 0 1 0 0 0 -1411.02676465765 -3588.97323534234
1 0 0 0 1 0 0 0 1 0 0 0 -1410.50824681015 -3589.49175318985
1 0 0 0 1 0 0 0 1 0 0 0 -1509.9292545648 -3690.07074543519
1 0 0 0 1 0 0 0 1 0 0 0 -1515.84219611589 -3684.1578038841
1 0 0 0 1 0 0 0 1 0 0 0 -1530.4036986781 -3669.59630132189
1 0 0 0 1 0 0 0 1 0 0 0 -1434.05129784356 -3565.94870215643
1 0 0 0 1 0 0 0 1 0 0 0 -1432.56998325976 -3567.43001674023
1 0 0 0 1 0 0 0 1 0 0 0 -1431.02186702856 -3568.97813297143
1 0 0 0 1 0 0 0 1 0 0 0 -1440.76516721577 -3559.23483278422
1 0 0 0 1 0 0 0 1 0 0 0 -1445.48733357324 -3554.51266642675
1 0 0 0 1 0 0 0 1 0 0 0 -1451.09739913332 -3548.90260086667
1 0 0 0 1 0 0 0 1 0 0 0 -1442.68378189813 -3557.31621810186
1 0 0 0 1 0 0 0 1 0 0 0 -1463.08895882178 -3536.91104117821
1 0 0 0 1 0 0 0 1 0 0 0 -1473.67373878461 -3526.32626121538
1 0 0 0 1 0 0 0 1 0 0 0 -1468.86272539117 -3531.13727460882
1 0 0 0 1 0 0 0 1 0 0 0 -1462.96197042764 -3537.03802957236
1 0 0 0 1 0 0 0 1 0 0 0 -1461.75696872804 -3538.24303127195
1 0 0 0 1 0 0 0 1 0 0 0 -1363.62373790322 -3436.37626209677
1 0 0 0 1 0 0 0 1 0 0 0 -1369.80779031233 -3430.19220968766
1 0 0 0 1 0 0 0 1 0 0 0 -1379.1252406685 -3420.87475933149
1 0 0 0 1 0 0 0 1 0 0 0 -1497.84827068123 -3502.15172931876
1 0 0 0 1 0 0 0 1 0 0 0 -1518.00222222903 -3481.99777777096
1 0 0 0 1 0 0 0 1 0 0 0 -1414.30536045519 -3385.6946395448
1 0 0 0 1 0 0 0 1 0 0 0 -1396.80957383124 -3403.19042616875
1 0 0 0 1 0 0 0 1 0 0 0 -1383.52073094466 -3416.47926905533
1 0 0 0 1 0 0 0 1 0 0 0 -1386.83300712272 -3413.16699287727
1 0 0 0 1 0 0 0 1 0 0 0 -1405.06245624997 -3394.93754375002
1 0 0 0 1 0 0 0 1 0 0 0 -1411.47874918029 -3388.5212508197
1 0 0 0 1 0 0 0 1 0 0 0 -1401.55627841857 -3398.44372158142
1 0 0 0 1 0 0 0 1 0 0 0 -1382.09984825639 -3417.9001517436
1 0 0 0 1 0 0 0 1 0 0 0 -1369.29966488074 -3430.70033511925
1 0 0 0 1 0 0 0 1 0 0 0 -1375.20865939769 -3424.7913406023
1 0 0 0 1 0 0 0 1 0 0 0 -1392.9646010592 -3407.03539894079
1 0 0 0 1 0 0 0 1 0 0 0 -1399.53708692694 -3400.46291307305
1 0 0 0 1 0 0 0 1 0 0 0 -1393.54890008263 -3406.45109991736
1 0 0 0 1 0 0 0 1 0 0 0 -1404.18850527927 -3395.81149472072
1 0 0 0 1 0 0 0 1 0 0 0 -1413.203374915 -3386.79662508499
1 0 0 0 1 0 0 0 1 0 0 0 -1424.75889551514 -3375.24110448485
1 0 0 0 1 0 0 0 1 0 0 0 -1449.89205154981 -3350.10794845018
1 0 0 0 1 0 0 0 1 0 0 0 -1478.97356062904 -3321.02643937095
1 0 0 0 1 0 0 0 1 0 0 0 -1513.78841033294 -3286.21158966705
1 0 0 0 1 0 0 0 1 0 0 0 -1525.4124501186 -3274.58754988139
1 0 0 0 1 0 0 0 1 0 0 0 -1490.1424772515 -3309.85752274849
1 0 0 0 1 0 0 0 1 0 0 0 -1327.35582410017 -3272.64417589982
1 0 0 0 1 0 0 0 1 0 0 0 -1252.74943911671 -3347.25056088328
1 0 0 0 1 0 0 0 1 0 0 0 -1061.69074754036 -3338.30925245963
1 0 0 0 1 0 0 0 1 0 0 0 -1022.79517298101 -3377.20482701898
1 0 0 0 1 0 0 0 1 0 0 0 -1023.17688384943 -3376.82311615056
1 0 0 0 1 0 0 0 1 0 0 0 -1035.54955290366 -3364.45044709633
1 0 0 0 1 0 0 0 1 0 0 0 -1070.61432277607 -3329.38567722392
1 0 0 0 1 0 0 0 1 0 0 0 -1180.60659015391 -3419.39340984608
1 0 0 0 1 0 0 0 1 0 0 0 -1065.73791939128 -3334.26208060871
1 0 0 0 1 0 0 0 1 0 0 0 -1024.22071032261 -3375.77928967738
1 0 0 0 1 0 0 0 1 0 0 0 -1013.86578362022 -3386.13421637977
1 0 0 0 1 0 0 0 1 0 0 0 -1035.85735900693 -3364.14264099306
1 0 0 0 1 0 0 0 1 0 0 0 -1175.99272325436 -3424.00727674563
1 0 0 0 1 0 0 0 1 0 0 0 -1307.67779263542 -3492.32220736457
1 0 0 0 1 0 0 0 1 0 0 0 -1333.49388463185 -3466.50611536814
1 0 0 0 1 0 0 0 1 0 0 0 -1470.40907864311 -3529.59092135688
1 0 0 0 1 0 0 0 1 0 0 0 -1498.19008672973 -3501.80991327026
1 0 0 0 1 0 0 0 1 0 0 0 -1539.59699635702 -3460.40300364297
1 0 0 0 1 0 0 0 1 0 0 0 -1570.25785027538 -3429.74214972462
1 0 0 0 1 0 0 0 1 0 0 0 -1681.90823229871 -3518.09176770128
1 0 0 0 1 0 0 0 1 0 0 0 -1686.04171525961 -3513.95828474038
1 0 0 0 1 0 0 0 1 0 0 0 -1777.05132595513 -3622.94867404486
1 0 0 0 1 0 0 0 1 0 0 0 -1649.49121156508 -3550.50878843491
1 0 0 0 1 0 0 0 1 0 0 0 -1616.86218340871 -3583.13781659128
1 0 0 0 1 0 0 0 1 0 0 0 -1586.3231378406 -3613.67686215939
1 0 0 0 1 0 0 0 1 0 0 0 -1482.46674342239 -3517.5332565776
1 0 0 0 1 0 0 0 1 0 0 0 -1472.91704257565 -3527.08295742434
1 0 0 0 1 0 0 0 1 0 0 0 -1467.11270818832 -3532.88729181167
1 0 0 0 1 0 0 0 1 0 0 0 -1468.81564299284 -3531.18435700715
1 0 0 0 1 0 0 0 1 0 0 0 -1471.68804520902 -3528.31195479097
1 0 0 0 1 0 0 0 1 0 0 0 -1472.03665686431 -3527.96334313568
1 0 0 0 1 0 0 0 1 0 0 0 -1476.59594982718 -3523.40405017281
1 0 0 0 1 0 0 0 1 0 0 0 -1490.70192078998 -3509.29807921001
1 0 0 0 1 0 0 0 1 0 0 0 -1491.38953997404 -3508.61046002595
1 0 0 0 1 0 0 0 1 0 0 0 -1472.52119509903 -3527.47880490096
1 0 0 0 1 0 0 0 1 0 0 0 -1446.90409379644 -3553.09590620355
1 0 0 0 1 0 0 0 1 0 0 0 -1311.02813797306 -3488.97186202693
1 0 0 0 1 0 0 0 1 0 0 0 -1295.66586079535 -3504.33413920464
1 0 0 0 1 0 0 0 1 0 0 0 -1293.85043366366 -3506.14956633633
1 0 0 0 1 0 0 0 1 0 0 0 -1307.10371537674 -3492.89628462325
1 0 0 0 1 0 0 0 1 0 0 0 -1323.76304962553 -3476.23695037446
1 0 0 0 1 0 0 0 1 0 0 0 -1330.22876024618 -3469.77123975381
1 0 0 0 1 0 0 0 1 0 0 0 -1311.47741662523 -3488.52258337477
1 0 0 0 1 0 0 0 1 0 0 0 -1288.53103732364 -3511.46896267635
1 0 0 0 1 0 0 0 1 0 0 0 -1271.22428403209 -3528.7757159679
1 0 0 0 1 0 0 0 1 0 0 0 -1267.55751609157 -3532.44248390842
1 0 0 0 1 0 0 0 1 0 0 0 -1273.62491665467 -3526.37508334532
1 0 0 0 1 0 0 0 1 0 0 0 -1283.18461980666 -3516.81538019333
1 0 0 0 1 0 0 0 1 0 0 0 -1292.14221165222 -3507.85778834777
1 0 0 0 1 0 0 0 1 0 0 0 -1296.09056093031 -3503.90943906968
1 0 0 0 1 0 0 0 1 0 0 0 -1400.03461099929 -3599.9653890007
1 0 0 0 1 0 0 0 1 0 0 0 -1404.2766078446 -3595.72339215539
1 0 0 0 1 0 0 0 1 0 0 0 -1409.71228640889 -3590.2877135911
1 0 0 0 1 0 0 0 1 0 0 0 -1413.81443709166 -3586.18556290833
1 0 0 0 1 0 0 0 1 0 0 0 -1422.49667129836 -3577.50332870163
1 0 0 0 1 0 0 0 1 0 0 0 -1424.28940784397 -3575.71059215602
1 0 0 0 1 0 0 0 1 0 0 0 -1422.35781123081 -3577.64218876918
1 0 0 0 1 0 0 0 1 0 0 0 -1418.37932702907 -3581.62067297092
1 0 0 0 1 0 0 0 1 0 0 0 -1417.05252865893 -3582.94747134106
1 0 0 0 1 0 0 0 1 0 0 0 -1421.28909973173 -3578.71090026826
1 0 0 0 1 0 0 0 1 0 0 0 -1426.72268762449 -3573.2773123755
1 0 0 0 1 0 0 0 1 0 0 0 -1427.49177794662 -3572.50822205337
1 0 0 0 1 0 0 0 1 0 0 0 -1424.70492435334 -3575.29507564665
1 0 0 0 1 0 0 0 1 0 0 0 -1424.06461108 -3575.93538891999
1 0 0 0 1 0 0 0 1 0 0 0 -1435.39998739962 -3564.60001260037
1 0 0 0 1 0 0 0 1 0 0 0 -1443.32468815675 -3556.67531184324
1 0 0 0 1 0 0 0 1 0 0 0 -1447.57204219062 -3552.42795780937
1 0 0 0 1 0 0 0 1 0 0 0 -1446.52447546002 -3553.47552453997
1 0 0 0 1 0 0 0 1 0 0 0 -1438.0661445971 -3561.93385540289
1 0 0 0 1 0 0 0 1 0 0 0 -1443.70043966335 -3556.29956033665
1 0 0 0 1 0 0 0 1 0 0 0 -1444.86882551058 -3555.13117448941
1 0 0 0 1 0 0 0 1 0 0 0 -1451.08814962048 -3548.91185037951
1 0 0 0 1 0 0 0 1 0 0 0 -1450.5214167121 -3549.47858328789
1 0 0 0 1 0 0 0 1 0 0 0 -1443.95699526163 -3556.04300473836
1 0 0 0 1 0 0 0 1 0 0 0 -1443.7271893883 -3556.27281061169
1 0 0 0 1 0 0 0 1 0 0 0 -1443.35131458842 -3556.64868541157
1 0 0 0 1 0 0 0 1 0 0 0 -1440.73882826533 -3559.26117173466
1 0 0 0 1 0 0 0 1 0 0 0 -1436.28045765499 -3563.719542345
1 0 0 0 1 0 0 0 1 0 0 0 -1439.43836033914 -3560.56163966085
1 0 0 0 1 0 0 0 1 0 0 0 -1444.50045300554 -3555.49954699445
1 0 0 0 1 0 0 0 1 0 0 0 -1457.03781953241 -3542.96218046758
1 0 0 0 1 0 0 0 1 0 0 0 -1466.12490337668 -3533.87509662331
1 0 0 0 1 0 0 0 1 0 0 0 -1463.03415187772 -3536.96584812227
1 0 0 0 1 0 0 0 1 0 0 0 -1455.42681047452 -3544.57318952547
1 0 0 0 1 0 0 0 1 0 0 0 -1445.08296690907 -3554.91703309092
1 0 0 0 1 0 0 0 1 0 0 0 -1430.11892339395 -3569.88107660604
1 0 0 0 1 0 0 0 1 0 0 0 -1421.31850752458 -3578.68149247541
1 0 0 0 1 0 0 0 1 0 0 0 -1427.93165857069 -3572.0683414293
1 0 0 0 1 0 0 0 1 0 0 0 -1440.66533891181 -3559.33466108818
1 0 0 0 1 0 0 0 1 0 0 0 -1446.98109556843 -3553.01890443156
1 0 0 0 1 0 0 0 1 0 0 0 -1451.11144485764 -3548.88855514235
1 0 0 0 1 0 0 0 1 0 0 0 -1451.10966868963 -3548.89033131036
1 0 0 0 1 0 0 0 1 0 0 0 -1449.71179383397 -3550.28820616602
1 0 0 0 1 0 0 0 1 0 0 0 -1450.01418055183 -3549.98581944816
1 0 0 0 1 0 0 0 1 0 0 0 -1455.19786837585 -3544.80213162414
1 0 0 0 1 0 0 0 1 0 0 0 -1466.3682760356 -3533.63172396439
1 0 0 0 1 0 0 0 1 0 0 0 -1472.82785512364 -3527.17214487635
1 0 0 0 1 0 0 0 1 0 0 0 -1473.18287691659 -3526.8171230834
1 0 0 0 1 0 0 0 1 0 0 0 -1472.56711166767 -3527.43288833232
1 0 0 0 1 0 0 0 1 0 0 0 -1467.92563914462 -3532.07436085537
1 0 0 0 1 0 0 0 1 0 0 0 -1464.3194578961 -3535.68054210389
1 0 0 0 1 0 0 0 1 0 0 0 -1460.8977216055 -3539.10227839449
1 0 0 0 1 0 0 0 1 0 0 0 -1462.4766150374 -3537.52338496259
1 0 0 0 1 0 0 0 1 0 0 0 -1466.47070436689 -3533.5292956331
1 0 0 0 1 0 0 0 1 0 0 0 -1469.8978997095 -3530.10210029049
1 0 0 0 1 0 0 0 1 0 0 0 -1467.72504860395 -3532.27495139605
1 0 0 0 1 0 0 0 1 0 0 0 -1466.46262222349 -3533.5373777765
1 0 0 0 1 0 0 0 1 0 0 0 -1461.09632164391 -3538.90367835608
1 0 0 0 1 0 0 0 1 0 0 0 -1460.02456562975 -3539.97543437024
1 0 0 0 1 0 0 0 1 0 0 0 -1459.79394609874 -3540.20605390125
1 0 0 0 1 0 0 0 1 0 0 0 -1461.61638082079 -3538.3836191792
1 0 0 0 1 0 0 0 1 0 0 0 -1462.57036173505 -3537.42963826494
1 0 0 0 1 0 0 0 1 0 0 0 -1462.59425443769 -3537.4057455623
1 0 0 0 1 0 0 0 1 0 0 0 -1461.23876178199 -3538.761238218
1 0 0 0 1 0 0 0 1 0 0 0 -1461.96439804782 -3538.03560195217
1 0 0 0 1 0 0 0 1 0 0 0 -1459.10990757375 -3540.89009242624
1 0 0 0 1 0 0 0 1 0 0 0 -1458.95851380657 -3541.04148619342
1 0 0 0 1 0 0 0 1 0 0 0 -1459.88688159421 -3540.11311840578
1 0 0 0 1 0 0 0 1 0 0 0 -1460.19540866047 -3539.80459133952
1 0 0 0 1 0 0 0 1 0 0 0 -1460.87926275906 -3539.12073724093
1 0 0 0 1 0 0 0 1 0 0 0 -1460.94589521389 -3539.0541047861
1 0 0 0 1 0 0 0 1 0 0 0 -1460.27016157969 -3539.7298384203
1 0 0 0 1 0 0 0 1 0 0 0 -1454.0261863221 -3545.97381367789
1 0 0 0 1 0 0 0 1 0 0 0 -1448.68237241105 -3551.31762758894
1 0 0 0 1 0 0 0 1 0 0 0 -1452.75701347801 -3547.24298652198
1 0 0 0 1 0 0 0 1 0 0 0 -1457.69114974213 -3542.30885025786
1 0 0 0 1 0 0 0 1 0 0 0 -1459.01420770054 -3540.98579229945
1 0 0 0 1 0 0 0 1 0 0 0 -1453.91943968044 -3546.08056031955
1 0 0 0 1 0 0 0 1 0 0 0 -1452.13593138419 -3547.8640686158
1 0 0 0 1 0 0 0 1 0 0 0 -1455.5720510802 -3544.42794891979
1 0 0 0 1 0 0 0 1 0 0 0 -1457.39521835135 -3542.60478164864
1 0 0 0 1 0 0 0 1 0 0 0 -1456.6558940855 -3543.34410591449
1 0 0 0 1 0 0 0 1 0 0 0 -1456.55036870656 -3543.44963129343
1 0 0 0 1 0 0 0 1 0 0 0 -1456.46079777758 -3543.53920222241
1 0 0 0 1 0 0 0 1 0 0 0 -1457.13133432465 -3542.86866567534
1 0 0 0 1 0 0 0 1 0 0 0 -1458.43404733898 -3541.56595266101
1 0 0 0 1 0 0 0 1 0 0 0 -1458.00965291733 -3541.99034708266
1 0 0 0 1 0 0 0 1 0 0 0 -1457.32537106157 -3542.67462893842
1 0 0 0 1 0 0 0 1 0 0 0 -1459.91959576979 -3540.0804042302
1 0 0 0 1 0 0 0 1 0 0 0 -1459.59997175821 -3540.40002824178
1 0 0 0 1 0 0 0 1 0 0 0 -1459.15547255798 -3540.84452744201
1 0 0 0 1 0 0 0 1 0 0 0 -1457.62643813967 -3542.37356186032
1 0 0 0 1 0 0 0 1 0 0 0 -1456.91456616391 -3543.08543383608
1 0 0 0 1 0 0 0 1 0 0 0 -1458.07186020117 -3541.92813979882
1 0 0 0 1 0 0 0 1 0 0 0 -1457.61728129292 -3542.38271870707
1 0 0 0 1 0 0 0 1 0 0 0 -1458.69227459662 -3541.30772540337
1 0 0 0 1 0 0 0 1 0 0 0 -1457.3327444361 -3542.66725556389
1 0 0 0 1 0 0 0 1 0 0 0 -1458.2646601186 -3541.73533988139
1 0 0 0 1 0 0 0 1 0 0 0 -1458.38904310677 -3541.61095689322
1 0 0 0 1 0 0 0 1 0 0 0 -1459.0710064395 -3540.92899356049
1 0 0 0 1 0 0 0 1 0 0 0 -1458.87263840732 -3541.12736159267
1 0 0 0 1 0 0 0 1 0 0 0 -1457.50290885551 -3542.49709114448
1 0 0 0 1 0 0 0 1 0 0 0 -1458.46137029566 -3541.53862970433
1 0 0 0 1 0 0 0 1 0 0 0 -1457.77719375012 -3542.22280624987
1 0 0 0 1 0 0 0 1 0 0 0 -1459.20178621616 -3540.79821378383
1 0 0 0 1 0 0 0 1 0 0 0 -1457.76254482672 -3542.23745517327
1 0 0 0 1 0 0 0 1 0 0 0 -1458.73869858898 -3541.26130141101
1 0 0 0 1 0 0 0 1 0 0 0 -1458.6627029668 -3541.33729703319
1 0 0 0 1 0 0 0 1 0 0 0 -1458.36627367576 -3541.63372632423
1 0 0 0 1 0 0 0 1 0 0 0 -1458.40071586901 -3541.59928413098
1 0 0 0 1 0 0 0 1 0 0 0 -1458.71157224518 -3541.28842775481
1 0 0 0 1 0 0 0 1 0 0 0 -1458.01207552912 -3541.98792447087
1 0 0 0 1 0 0 0 1 0 0 0 -1459.27166636102 -3540.72833363897
1 0 0 0 1 0 0 0 1 0 0 0 -1456.99682030682 -3543.00317969317
1 0 0 0 1 0 0 0 1 0 0 0 -1457.54745000982 -3542.45254999017
1 0 0 0 1 0 0 0 1 0 0 0 -1458.08413682473 -3541.91586317526
1 0 0 0 1 0 0 0 1 0 0 0 -1457.64179166339 -3542.3582083366
1 0 0 0 1 0 0 0 1 0 0 0 -1457.96924191753 -3542.03075808246
1 0 0 0 1 0 0 0 1 0 0 0 -1457.85379014285 -3542.14620985714
1 0 0 0 1 0 0 0 1 0 0 0 -1459.15114217302 -3540.84885782697
1 0 0 0 1 0 0 0 1 0 0 0 -1459.40532501118 -3540.59467498881
1 0 0 0 1 0 0 0 1 0 0 0 -1458.43769720397 -3541.56230279602
1 0 0 0 1 0 0 0 1 0 0 0 -1458.2793652033 -3541.72063479669
1 0 0 0 1 0 0 0 1 0 0 0 -1457.51751145811 -3542.48248854188
1 0 0 0 1 0 0 0 1 0 0 0 -1458.0242374549 -3541.97576254509
1 0 0 0 1 0 0 0 1 0 0 0 -1456.83643851066 -3543.16356148933
1 0 0 0 1 0 0 0 1 0 0 0 -1459.06144877055 -3540.93855122944
1 0 0 0 1 0 0 0 1 0 0 0 -1458.56891145567 -3541.43108854432
1 0 0 0 1 0 0 0 1 0 0 0 -1457.90980321429 -3542.0901967857
1 0 0 0 1 0 0 0 1 0 0 0 -1458.17708295729 -3541.82291704271
1 0 0 0 1 0 0 0 1 0 0 0 -1457.68673693543 -3542.31326306456
1 0 0 0 1 0 0 0 1 0 0 0 -1460.05001382395 -3539.94998617604
1 0 0 0 1 0 0 0 1 0 0 0 -1458.30426800711 -3541.69573199288
1 0 0 0 1 0 0 0 1 0 0 0 -1459.7052114979 -3540.29478850209
1 0 0 0 1 0 0 0 1 0 0 0 -1460.26132695217 -3539.73867304782
1 0 0 0 1 0 0 0 1 0 0 0 -1462.43773211146 -3537.56226788853
1 0 0 0 1 0 0 0 1 0 0 0 -1463.70361605593 -3536.29638394406
1 0 0 0 1 0 0 0 1 0 0 0 -1465.82201684207 -3534.17798315792
1 0 0 0 1 0 0 0 1 0 0 0 -1465.70516210424 -3534.29483789575
1 0 0 0 1 0 0 0 1 0 0 0 -1468.16311057137 -3531.83688942862
1 0 0 0 1 0 0 0 1 0 0 0 -1467.20224837256 -3532.79775162743
1 0 0 0 1 0 0 0 1 0 0 0 -1464.32512665137 -3535.67487334862
1 0 0 0 1 0 0 0 1 0 0 0 -1464.59602426912 -3535.40397573087
1 0 0 0 1 0 0 0 1 0 0 0 -1466.15110640078 -3533.84889359921
1 0 0 0 1 0 0 0 1 0 0 0 -1466.55107404402 -3533.44892595597
1 0 0 0 1 0 0 0 1 0 0 0 -1467.1868952157 -3532.81310478429
1 0 0 0 1 0 0 0 1 0 0 0 -1467.99756319003 -3532.00243680996
1 0 0 0 1 0 0 0 1 0 0 0 -1466.18559839206 -3533.81440160793
1 0 0 0 1 0 0 0 1 0 0 0 -1466.44962889477 -3533.55037110522
1 0 0 0 1 0 0 0 1 0 0 0 -1465.74422053506 -3534.25577946493
1 0 0 0 1 0 0 0 1 0 0 0 -1466.00401940009 -3533.9959805999
1 0 0 0 1 0 0 0 1 0 0 0 -1466.21994746446 -3533.78005253553
1 0 0 0 1 0 0 0 1 0 0 0 -1467.53129776782 -3532.46870223217
1 0 0 0 1 0 0 0 1 0 0 0 -1468.30529048526 -3531.69470951473
1 0 0 0 1 0 0 0 1 0 0 0 -1467.3595216353 -3532.64047836469
1 0 0 0 1 0 0 0 1 0 0 0 -1466.53980869575 -3533.46019130424
1 0 0 0 1 0 0 0 1 0 0 0 -1466.46270416731 -3533.53729583268
1 0 0 0 1 0 0 0 1 0 0 0 -1468.05323234712 -3531.94676765287
1 0 0 0 1 0 0 0 1 0 0 0 -1467.81763192271 -3532.18236807728
1 0 0 0 1 0 0 0 1 0 0 0 -1467.29517342171 -3532.70482657828
1 0 0 0 1 0 0 0 1 0 0 0 -1466.73006338552 -3533.26993661448
1 0 0 0 1 0 0 0 1 0 0 0 -1466.35921654909 -3533.6407834509
1 0 0 0 1 0 0 0 1 0 0 0 -1466.88267881783 -3533.11732118216
1 0 0 0 1 0 0 0 1 0 0 0 -1467.44490546889 -3532.5550945311
1 0 0 0 1 0 0 0 1 0 0 0 -1466.76749646028 -3533.23250353971
1 0 0 0 1 0 0 0 1 0 0 0 -1467.85414879964 -3532.14585120035
1 0 0 0 1 0 0 0 1 0 0 0 -1467.70857629596 -3532.29142370403
1 0 0 0 1 0 0 0 1 0 0 0 -1466.81760730901 -3533.18239269098
1 0 0 0 1 0 0 0 1 0 0 0 -1466.39474350902 -3533.60525649097
1 0 0 0 1 0 0 0 1 0 0 0 -1466.8583821947 -3533.14161780529
1 0 0 0 1 0 0 0 1 0 0 0 -1465.9428217716 -3534.05717822839
1 0 0 0 1 0 0 0 1 0 0 0 -1466.29000154613 -3533.70999845386
1 0 0 0 1 0 0 0 1 0 0 0 -1466.47460041064 -3533.52539958935
1 0 0 0 1 0 0 0 1 0 0 0 -1466.6118836044 -3533.3881163956
1 0 0 0 1 0 0 0 1 0 0 0 -1467.4924509749 -3532.50754902509
1 0 0 0 1 0 0 0 1 0 0 0 -1466.64803108946 -3533.35196891053
1 0 0 0 1 0 0 0 1 0 0 0 -1466.52109935981 -3533.47890064018
1 0 0 0 1 0 0 0 1 0 0 0 -1467.36026416125 -3532.63973583874
1 0 0 0 1 0 0 0 1 0 0 0 -1466.54936426101 -3533.45063573898
1 0 0 0 1 0 0 0 1 0 0 0 -1466.19903937139 -3533.8009606286
1 0 0 0 1 0 0 0 1 0 0 0 -1464.83867116861 -3535.16132883138
1 0 0 0 1 0 0 0 1 0 0 0 -1466.97649759933 -3533.02350240066
1 0 0 0 1 0 0 0 1 0 0 0 -1467.15830530906 -3532.84169469093
1 0 0 0 1 0 0 0 1 0 0 0 -1466.94073535034 -3533.05926464965
1 0 0 0 1 0 0 0 1 0 0 0 -1466.08964649679 -3533.9103535032
1 0 0 0 1 0 0 0 1 0 0 0 -1467.35181475262 -3532.64818524737
1 0 0 0 1 0 0 0 1 0 0 0 -1466.8156983354 -3533.18430166459
1 0 0 0 1 0 0 0 1 0 0 0 -1467.33789496818 -3532.66210503181
1 0 0 0 1 0 0 0 1 0 0 0 -1467.78915770804 -3532.21084229195
1 0 0 0 1 0 0 0 1 0 0 0 -1467.3939930102 -3532.60600698979
1 0 0 0 1 0 0 0 1 0 0 0 -1466.13382626137 -3533.86617373862
1 0 0 0 1 0 0 0 1 0 0 0 -1466.14489015951 -3533.85510984048
1 0 0 0 1 0 0 0 1 0 0 0 -1465.70386019954 -3534.29613980045
1 0 0 0 1 0 0 0 1 0 0 0 -1466.79397899574 -3533.20602100426
1 0 0 0 1 0 0 0 1 0 0 0 -1466.56892505496 -3533.43107494503
1 0 0 0 1 0 0 0 1 0 0 0 -1467.27171435744 -3532.72828564255
1 0 0 0 1 0 0 0 1 0 0 0 -1465.83582965464 -3534.16417034535
1 0 0 0 1 0 0 0 1 0 0 0 -1465.98852611458 -3534.01147388541
1 0 0 0 1 0 0 0 1 0 0 0 -1466.32086293808 -3533.67913706191
1 0 0 0 1 0 0 0 1 0 0 0 -1464.92841725002 -3535.07158274997
1 0 0 0 1 0 0 0 1 0 0 0 -1466.96953790248 -3533.03046209751
