1 0 0 0 1 0 0 0 1 0 0 0 -1354.18051170176 -2661.37504385378
1 0 0 0 1 0 0 0 1 0 0 0 -1218.87282525291 -2670.92027819536
1 0 0 0 1 0 0 0 1 0 0 0 -1350.69524426802 -2650.3761843034
1 0 0 0 1 0 0 0 1 0 0 0 -1427.41528493538 -2632.58471506461
1 0 0 0 1 0 0 0 1 0 0 0 -1375.54843680941 -2640.00711874614
1 0 0 0 1 0 0 0 1 0 0 0 -1424.76428313844 -2668.83571686155
1 0 0 0 1 0 0 0 1 0 0 0 -1318.53331794053 -2681.46668205946
1 0 0 0 1 0 0 0 1 0 0 0 -1256.99482526781 -2608.63017473218
1 0 0 0 1 0 0 0 1 0 0 0 -1292.26380294947 -2584.01205911949
1 0 0 0 1 0 0 0 1 0 0 0 -1195.48400758454 -2604.51599241545
1 0 0 0 1 0 0 0 1 0 0 0 -1263.53827207385 -2617.75205050679
1 0 0 0 1 0 0 0 1 0 0 0 -1343.91351859475 -2569.30387270958
1 0 0 0 1 0 0 0 1 0 0 0 -1252.71802774669 -2633.21300673606
1 0 0 0 1 0 0 0 1 0 0 0 -1246.37001885692 -2608.80645173131
1 0 0 0 1 0 0 0 1 0 0 0 -1163.55936579574 -2636.44063420425
1 0 0 0 1 0 0 0 1 0 0 0 -1451.04501576947 -2651.22771150325
1 0 0 0 1 0 0 0 1 0 0 0 -1327.40214865484 -2571.87057861788
1 0 0 0 1 0 0 0 1 0 0 0 -1410.28701689866 -2628.9437523321
1 0 0 0 1 0 0 0 1 0 0 0 -1486.7529587241 -2626.72530214546
1 0 0 0 1 0 0 0 1 0 0 0 -1391.11729634481 -2623.23052974213
1 0 0 0 1 0 0 0 1 0 0 0 -1497.57139580592 -2622.42860419407
1 0 0 0 1 0 0 0 1 0 0 0 -1561.04206735545 -2647.3057587315
1 0 0 0 1 0 0 0 1 0 0 0 -1461.18931074668 -2657.50634142722
1 0 0 0 1 0 0 0 1 0 0 0 -1418.69387469609 -2635.0561253039
1 0 0 0 1 0 0 0 1 0 0 0 -1515.82326524933 -2592.92673475066
1 0 0 0 1 0 0 0 1 0 0 0 -1482.94932063753 -2567.05067936246
1 0 0 0 1 0 0 0 1 0 0 0 -1489.65935009971 -2583.54064990028
1 0 0 0 1 0 0 0 1 0 0 0 -1645.32880620814 -2760.11119379185
1 0 0 0 1 0 0 0 1 0 0 0 -1482.46709302521 -2726.49290697478
1 0 0 0 1 0 0 0 1 0 0 0 -1533.57977407409 -2713.72457375199
1 0 0 0 1 0 0 0 1 0 0 0 -1518.25257018613 -2720.41409648052
1 0 0 0 1 0 0 0 1 0 0 0 -1573.89068665083 -2692.89192204481
1 0 0 0 1 0 0 0 1 0 0 0 -1349.75337078877 -2652.31559472846
1 0 0 0 1 0 0 0 1 0 0 0 -1411.02969717034 -2687.37030282965
1 0 0 0 1 0 0 0 1 0 0 0 -1361.13494522739 -2715.22869113624
1 0 0 0 1 0 0 0 1 0 0 0 -1519.47781723759 -2695.18884942907
1 0 0 0 1 0 0 0 1 0 0 0 -1467.85313465138 -2732.14686534861
1 0 0 0 1 0 0 0 1 0 0 0 -1388.81166097475 -2614.52167235857
1 0 0 0 1 0 0 0 1 0 0 0 -1560.86034239251 -2639.13965760748
1 0 0 0 1 0 0 0 1 0 0 0 -1464.23672712275 -2600.56327287724
1 0 0 0 1 0 0 0 1 0 0 0 -1401.41740879475 -2607.81336043601
1 0 0 0 1 0 0 0 1 0 0 0 -1516.68754933973 -2591.31245066026
1 0 0 0 1 0 0 0 1 0 0 0 -1512.51890377033 -2568.35066144705
1 0 0 0 1 0 0 0 1 0 0 0 -1410.95785648483 -2642.61357208659
1 0 0 0 1 0 0 0 1 0 0 0 -1252.71107308585 -2747.28892691414
1 0 0 0 1 0 0 0 1 0 0 0 -1200.6443200674 -2799.35567993259
1 0 0 0 1 0 0 0 1 0 0 0 -1193.60753843657 -2806.39246156342
1 0 0 0 1 0 0 0 1 0 0 0 -1353.58789380411 -2694.41210619588
1 0 0 0 1 0 0 0 1 0 0 0 -1427.05918499148 -2650.52702190506
1 0 0 0 1 0 0 0 1 0 0 0 -1516.6767407518 -2683.3232592482
1 0 0 0 1 0 0 0 1 0 0 0 -1381.86622716859 -2818.1337728314
1 0 0 0 1 0 0 0 1 0 0 0 -1246.79122113574 -2753.20877886425
1 0 0 0 1 0 0 0 1 0 0 0 -1452.67726765537 -2947.32273234462
1 0 0 0 1 0 0 0 1 0 0 0 -1472.53847688502 -2781.46152311497
1 0 0 0 1 0 0 0 1 0 0 0 -1429.48175714181 -2770.51824285818
1 0 0 0 1 0 0 0 1 0 0 0 -1340.73947385015 -2698.08405556161
1 0 0 0 1 0 0 0 1 0 0 0 -1301.52306885254 -2698.47693114745
1 0 0 0 1 0 0 0 1 0 0 0 -1392.63001287915 -2669.30547099181
1 0 0 0 1 0 0 0 1 0 0 0 -1384.2498468942 -2646.95015310579
1 0 0 0 1 0 0 0 1 0 0 0 -1515.79850723289 -2684.2014927671
1 0 0 0 1 0 0 0 1 0 0 0 -1431.27693669722 -2636.22306330277
1 0 0 0 1 0 0 0 1 0 0 0 -1316.73484140597 -2683.26515859402
1 0 0 0 1 0 0 0 1 0 0 0 -1368.97859660842 -2676.53864477088
1 0 0 0 1 0 0 0 1 0 0 0 -1445.32168724205 -2636.90053498016
1 0 0 0 1 0 0 0 1 0 0 0 -1525.75285725654 -2727.58047607678
1 0 0 0 1 0 0 0 1 0 0 0 -1345.57399655216 -2713.3545748764
1 0 0 0 1 0 0 0 1 0 0 0 -1278.69652565394 -2721.30347434605
1 0 0 0 1 0 0 0 1 0 0 0 -1366.7425286293 -2700.49885068103
1 0 0 0 1 0 0 0 1 0 0 0 -1139.5958424657 -2660.40415753429
1 0 0 0 1 0 0 0 1 0 0 0 -1249.27321103722 -2750.72678896277
1 0 0 0 1 0 0 0 1 0 0 0 -1282.75641093849 -2560.79914461706
1 0 0 0 1 0 0 0 1 0 0 0 -1185.79012116438 -2640.51290913864
1 0 0 0 1 0 0 0 1 0 0 0 -1372.99680931958 -2681.44763512485
1 0 0 0 1 0 0 0 1 0 0 0 -1213.72916279159 -2600.78935572692
1 0 0 0 1 0 0 0 1 0 0 0 -1379.52635521597 -2684.75935906973
1 0 0 0 1 0 0 0 1 0 0 0 -1254.97745220601 -2593.48408625552
1 0 0 0 1 0 0 0 1 0 0 0 -1178.99512424215 -2621.00487575784
1 0 0 0 1 0 0 0 1 0 0 0 -1414.74948124524 -2669.89337589761
1 0 0 0 1 0 0 0 1 0 0 0 -1363.65529735992 -2654.96539229524
1 0 0 0 1 0 0 0 1 0 0 0 -1204.44115294999 -2667.97264015345
1 0 0 0 1 0 0 0 1 0 0 0 -1530.37179260635 -2773.92450368994
1 0 0 0 1 0 0 0 1 0 0 0 -1499.85188421279 -2787.8518194909
1 0 0 0 1 0 0 0 1 0 0 0 -1357.90673991571 -2708.300156636
1 0 0 0 1 0 0 0 1 0 0 0 -1319.70093912826 -2775.65620372887
1 0 0 0 1 0 0 0 1 0 0 0 -1248.56489681443 -2760.52601227647
1 0 0 0 1 0 0 0 1 0 0 0 -1529.00413935754 -2943.52919397578
1 0 0 0 1 0 0 0 1 0 0 0 -1377.56485298496 -2848.43514701503
1 0 0 0 1 0 0 0 1 0 0 0 -1550.04429794006 -3087.19708137028
1 0 0 0 1 0 0 0 1 0 0 0 -1607.18012772922 -2893.56061301151
1 0 0 0 1 0 0 0 1 0 0 0 -1581.10111533688 -3034.17161193584
1 0 0 0 1 0 0 0 1 0 0 0 -1570.94506777784 -2929.74723991446
1 0 0 0 1 0 0 0 1 0 0 0 -1517.26473685851 -2789.8121862184
1 0 0 0 1 0 0 0 1 0 0 0 -1373.85901275245 -2826.14098724754
1 0 0 0 1 0 0 0 1 0 0 0 -1568.17991871156 -3031.82008128843
1 0 0 0 1 0 0 0 1 0 0 0 -1427.40613971584 -2972.59386028415
1 0 0 0 1 0 0 0 1 0 0 0 -1308.9516731279 -2891.04832687209
1 0 0 0 1 0 0 0 1 0 0 0 -1279.09812295763 -2920.90187704236
1 0 0 0 1 0 0 0 1 0 0 0 -1333.8055304991 -2866.19446950089
1 0 0 0 1 0 0 0 1 0 0 0 -1571.58504799924 -3028.41495200075
1 0 0 0 1 0 0 0 1 0 0 0 -1146.20981832726 -2853.79018167273
1 0 0 0 1 0 0 0 1 0 0 0 -1487.55266839469 -3112.4473316053
1 0 0 0 1 0 0 0 1 0 0 0 -1461.72938542916 -2938.27061457083
1 0 0 0 1 0 0 0 1 0 0 0 -1164.32480727338 -2835.67519272661
1 0 0 0 1 0 0 0 1 0 0 0 -1648.75441160854 -3351.24558839145
1 0 0 0 1 0 0 0 1 0 0 0 -1333.28636402024 -2866.71363597975
1 0 0 0 1 0 0 0 1 0 0 0 -1290.3432608882 -2909.65673911179
1 0 0 0 1 0 0 0 1 0 0 0 -1163.96354886187 -2836.03645113812
1 0 0 0 1 0 0 0 1 0 0 0 -1201.74387982822 -2798.25612017177
1 0 0 0 1 0 0 0 1 0 0 0 -1183.06184956195 -2816.93815043805
1 0 0 0 1 0 0 0 1 0 0 0 -1175.69887910699 -2824.301120893
1 0 0 0 1 0 0 0 1 0 0 0 -1566.20234748968 -3233.79765251031
1 0 0 0 1 0 0 0 1 0 0 0 -1289.42421326144 -2910.57578673855
1 0 0 0 1 0 0 0 1 0 0 0 -1331.39555063428 -2868.60444936571
1 0 0 0 1 0 0 0 1 0 0 0 -1691.11222321391 -3308.88777678608
1 0 0 0 1 0 0 0 1 0 0 0 -1315.6634302785 -2884.33656972149
1 0 0 0 1 0 0 0 1 0 0 0 -1264.82791073231 -2935.17208926768
1 0 0 0 1 0 0 0 1 0 0 0 -1312.60111566514 -2887.39888433485
1 0 0 0 1 0 0 0 1 0 0 0 -1611.63390383036 -3388.36609616963
1 0 0 0 1 0 0 0 1 0 0 0 -1076.58978569533 -2923.41021430466
1 0 0 0 1 0 0 0 1 0 0 0 -1219.12265571445 -2980.87734428554
1 0 0 0 1 0 0 0 1 0 0 0 -1123.20120659014 -2876.79879340985
1 0 0 0 1 0 0 0 1 0 0 0 -1107.04247722309 -2892.9575227769
1 0 0 0 1 0 0 0 1 0 0 0 -1127.51313655971 -2872.48686344028
1 0 0 0 1 0 0 0 1 0 0 0 -1024.69938247809 -2975.3006175219
1 0 0 0 1 0 0 0 1 0 0 0 -1542.17970035958 -3257.82029964041
1 0 0 0 1 0 0 0 1 0 0 0 -1147.62919156278 -2852.37080843721
1 0 0 0 1 0 0 0 1 0 0 0 -1147.11548665569 -2852.8845133443
1 0 0 0 1 0 0 0 1 0 0 0 -1124.6809638707 -2875.31903612929
1 0 0 0 1 0 0 0 1 0 0 0 -1043.05007339971 -2956.94992660028
1 0 0 0 1 0 0 0 1 0 0 0 -1514.64899320685 -3285.35100679314
1 0 0 0 1 0 0 0 1 0 0 0 -1585.70996808556 -3214.29003191443
1 0 0 0 1 0 0 0 1 0 0 0 -1083.5168159943 -2916.48318400569
1 0 0 0 1 0 0 0 1 0 0 0 -1196.69328871794 -2803.30671128205
1 0 0 0 1 0 0 0 1 0 0 0 -1247.89721264546 -2752.10278735453
1 0 0 0 1 0 0 0 1 0 0 0 -1293.14365259204 -2706.85634740795
1 0 0 0 1 0 0 0 1 0 0 0 -1274.04010006951 -2725.95989993048
1 0 0 0 1 0 0 0 1 0 0 0 -1326.55023109532 -2673.44976890468
1 0 0 0 1 0 0 0 1 0 0 0 -1290.84372381117 -2709.15627618882
1 0 0 0 1 0 0 0 1 0 0 0 -1171.64322164907 -2628.35677835092
1 0 0 0 1 0 0 0 1 0 0 0 -1317.29594165997 -2682.70405834002
1 0 0 0 1 0 0 0 1 0 0 0 -1343.16367721218 -2656.83632278781
1 0 0 0 1 0 0 0 1 0 0 0 -1295.90592034544 -2704.09407965455
1 0 0 0 1 0 0 0 1 0 0 0 -1251.03778845276 -2581.07985860605
1 0 0 0 1 0 0 0 1 0 0 0 -1124.89982718668 -2675.10017281331
1 0 0 0 1 0 0 0 1 0 0 0 -933.985637246618 -2666.01436275338
1 0 0 0 1 0 0 0 1 0 0 0 -1032.79902141511 -2767.20097858488
1 0 0 0 1 0 0 0 1 0 0 0 -876.553058940834 -2723.44694105916
1 0 0 0 1 0 0 0 1 0 0 0 -846.330734844657 -2753.66926515534
1 0 0 0 1 0 0 0 1 0 0 0 -1035.85566226704 -2764.14433773295
1 0 0 0 1 0 0 0 1 0 0 0 -1017.10625528973 -2782.89374471026
1 0 0 0 1 0 0 0 1 0 0 0 -1050.56685659146 -2749.43314340853
1 0 0 0 1 0 0 0 1 0 0 0 -1366.8675462789 -2648.13245372109
1 0 0 0 1 0 0 0 1 0 0 0 -1367.16673760176 -2661.95090945706
1 0 0 0 1 0 0 0 1 0 0 0 -1350.12204322612 -2699.28972147975
1 0 0 0 1 0 0 0 1 0 0 0 -1601.02297032012 -2672.57702967987
1 0 0 0 1 0 0 0 1 0 0 0 -1775.4971642892 -2747.1984878847
1 0 0 0 1 0 0 0 1 0 0 0 -1579.75628551241 -2551.15280539667
1 0 0 0 1 0 0 0 1 0 0 0 -1548.66067526201 -2657.26525066391
1 0 0 0 1 0 0 0 1 0 0 0 -1494.96957072189 -2797.93365508455
1 0 0 0 1 0 0 0 1 0 0 0 -1451.55593007005 -2808.56528205115
1 0 0 0 1 0 0 0 1 0 0 0 -1476.82978520911 -2760.17021479088
1 0 0 0 1 0 0 0 1 0 0 0 -1413.78464525956 -2786.21535474043
1 0 0 0 1 0 0 0 1 0 0 0 -1405.07226886932 -2688.03117940653
1 0 0 0 1 0 0 0 1 0 0 0 -1457.64312549566 -2753.39135726295
1 0 0 0 1 0 0 0 1 0 0 0 -1429.33890553779 -2770.6610944622
1 0 0 0 1 0 0 0 1 0 0 0 -1433.78795783923 -2794.90169733317
1 0 0 0 1 0 0 0 1 0 0 0 -1320.21575939225 -2737.96605878956
1 0 0 0 1 0 0 0 1 0 0 0 -1281.07860208348 -2718.92139791651
1 0 0 0 1 0 0 0 1 0 0 0 -1273.84845312626 -2726.15154687373
1 0 0 0 1 0 0 0 1 0 0 0 -1250.21390289592 -2749.78609710407
1 0 0 0 1 0 0 0 1 0 0 0 -1645.15182297791 -3036.77921150484
1 0 0 0 1 0 0 0 1 0 0 0 -1270.71765038646 -2929.28234961353
1 0 0 0 1 0 0 0 1 0 0 0 -1321.38721095188 -2878.61278904811
1 0 0 0 1 0 0 0 1 0 0 0 -1092.33819021857 -3107.66180978142
1 0 0 0 1 0 0 0 1 0 0 0 -1104.31424192915 -2895.68575807084
1 0 0 0 1 0 0 0 1 0 0 0 -1068.44259604676 -2931.55740395323
1 0 0 0 1 0 0 0 1 0 0 0 -1173.81670071949 -3026.1832992805
1 0 0 0 1 0 0 0 1 0 0 0 -1214.90897452242 -2985.09102547757
1 0 0 0 1 0 0 0 1 0 0 0 -1153.3641222589 -3046.63587774109
1 0 0 0 1 0 0 0 1 0 0 0 -1057.17833835633 -2942.82166164366
1 0 0 0 1 0 0 0 1 0 0 0 -917.123679363589 -3082.87632063641
1 0 0 0 1 0 0 0 1 0 0 0 -974.419280016707 -3025.58071998329
1 0 0 0 1 0 0 0 1 0 0 0 -983.208953306765 -3016.79104669323
1 0 0 0 1 0 0 0 1 0 0 0 -961.880321626675 -2838.11967837332
1 0 0 0 1 0 0 0 1 0 0 0 -1151.77260227614 -3048.22739772385
1 0 0 0 1 0 0 0 1 0 0 0 -1154.43648380056 -3045.56351619943
1 0 0 0 1 0 0 0 1 0 0 0 -1197.10642422959 -3023.59945812334
1 0 0 0 1 0 0 0 1 0 0 0 -1142.22189247509 -3057.7781075249
1 0 0 0 1 0 0 0 1 0 0 0 -1116.70537872524 -3083.29462127475
1 0 0 0 1 0 0 0 1 0 0 0 -1113.88789719863 -3086.11210280136
1 0 0 0 1 0 0 0 1 0 0 0 -1115.49888603693 -3084.50111396306
1 0 0 0 1 0 0 0 1 0 0 0 -1112.79716875956 -3087.20283124043
1 0 0 0 1 0 0 0 1 0 0 0 -1104.07981041516 -3095.92018958483
1 0 0 0 1 0 0 0 1 0 0 0 -1114.36567623141 -3085.63432376858
1 0 0 0 1 0 0 0 1 0 0 0 -1134.01357506459 -3065.9864249354
1 0 0 0 1 0 0 0 1 0 0 0 -1056.80229485455 -2943.19770514544
1 0 0 0 1 0 0 0 1 0 0 0 -1106.6524971571 -3093.34750284289
1 0 0 0 1 0 0 0 1 0 0 0 -1123.70753849733 -3076.29246150266
1 0 0 0 1 0 0 0 1 0 0 0 -1169.20837228876 -3030.79162771123
1 0 0 0 1 0 0 0 1 0 0 0 -1171.60512039512 -3028.39487960487
1 0 0 0 1 0 0 0 1 0 0 0 -1178.46801896168 -3021.53198103832
1 0 0 0 1 0 0 0 1 0 0 0 -1299.15153627974 -3100.84846372025
1 0 0 0 1 0 0 0 1 0 0 0 -1198.16088674793 -3001.83911325207
1 0 0 0 1 0 0 0 1 0 0 0 -1205.07851575731 -2994.92148424268
1 0 0 0 1 0 0 0 1 0 0 0 -1197.30264195758 -3002.69735804241
1 0 0 0 1 0 0 0 1 0 0 0 -1183.82434715279 -3016.1756528472
1 0 0 0 1 0 0 0 1 0 0 0 -1224.13452061067 -2975.86547938932
1 0 0 0 1 0 0 0 1 0 0 0 -1228.98048681445 -2971.01951318554
1 0 0 0 1 0 0 0 1 0 0 0 -1241.39285229973 -2958.60714770026
1 0 0 0 1 0 0 0 1 0 0 0 -1219.76467604567 -2980.23532395432
1 0 0 0 1 0 0 0 1 0 0 0 -1196.87677464494 -3003.12322535505
1 0 0 0 1 0 0 0 1 0 0 0 -1132.37955405477 -2867.62044594522
1 0 0 0 1 0 0 0 1 0 0 0 -1114.7146521484 -2885.28534785159
1 0 0 0 1 0 0 0 1 0 0 0 -1288.78412781775 -2911.21587218224
1 0 0 0 1 0 0 0 1 0 0 0 -1129.49898113525 -2870.50101886474
1 0 0 0 1 0 0 0 1 0 0 0 -1151.65055106102 -2848.34944893897
1 0 0 0 1 0 0 0 1 0 0 0 -1124.95984104795 -2875.04015895204
1 0 0 0 1 0 0 0 1 0 0 0 -1157.23730715745 -2842.76269284254
1 0 0 0 1 0 0 0 1 0 0 0 -1211.62484566567 -2788.37515433432
1 0 0 0 1 0 0 0 1 0 0 0 -1150.01753925787 -2849.98246074212
1 0 0 0 1 0 0 0 1 0 0 0 -1254.40684025333 -2776.66458831809
1 0 0 0 1 0 0 0 1 0 0 0 -1577.76954498582 -3222.23045501417
1 0 0 0 1 0 0 0 1 0 0 0 -1181.72824454452 -2877.3894025143
1 0 0 0 1 0 0 0 1 0 0 0 -1576.91857816819 -3223.0814218318
1 0 0 0 1 0 0 0 1 0 0 0 -1197.66801636502 -2802.33198363497
1 0 0 0 1 0 0 0 1 0 0 0 -1220.12272447634 -2779.87727552365
1 0 0 0 1 0 0 0 1 0 0 0 -1604.48363471637 -3195.51636528362
1 0 0 0 1 0 0 0 1 0 0 0 -1634.24198061798 -3165.75801938201
1 0 0 0 1 0 0 0 1 0 0 0 -1575.29906840172 -3082.30093159827
1 0 0 0 1 0 0 0 1 0 0 0 -1515.76111796505 -2957.72275300268
1 0 0 0 1 0 0 0 1 0 0 0 -1628.97982190652 -3008.18146841605
1 0 0 0 1 0 0 0 1 0 0 0 -1710.96538133296 -2999.35719931219
1 0 0 0 1 0 0 0 1 0 0 0 -1701.00164131534 -3098.99835868465
1 0 0 0 1 0 0 0 1 0 0 0 -964.985819008089 -2835.01418099191
1 0 0 0 1 0 0 0 1 0 0 0 -1514.32979226121 -2984.48270773878
1 0 0 0 1 0 0 0 1 0 0 0 -1678.10182946941 -2630
1 0 0 0 1 0 0 0 1 0 0 0 -1453.63614197858 -2830.93528659284
1 0 0 0 1 0 0 0 1 0 0 0 -1403.38187254622 -2644.61812745377
1 0 0 0 1 0 0 0 1 0 0 0 -1383.82204167896 -2618.24692383827
1 0 0 0 1 0 0 0 1 0 0 0 -1354.68073303697 -2645.31926696302
1 0 0 0 1 0 0 0 1 0 0 0 -1407.73903628818 -2594.40382085467
1 0 0 0 1 0 0 0 1 0 0 0 -1384.20042767106 -2615.79957232893
1 0 0 0 1 0 0 0 1 0 0 0 -1356.88832460188 -2643.11167539811
1 0 0 0 1 0 0 0 1 0 0 0 -1380.2978799233 -2619.70212007669
1 0 0 0 1 0 0 0 1 0 0 0 -1422.40391377962 -2592.59608622037
1 0 0 0 1 0 0 0 1 0 0 0 -1538.34630217067 -2681.51576679484
1 0 0 0 1 0 0 0 1 0 0 0 -1417.38014982804 -2588.07439562649
1 0 0 0 1 0 0 0 1 0 0 0 -1391.3105067895 -2608.68949321049
1 0 0 0 1 0 0 0 1 0 0 0 -1352.87689513798 -2647.12310486201
1 0 0 0 1 0 0 0 1 0 0 0 -1386.68221447378 -2613.31778552621
1 0 0 0 1 0 0 0 1 0 0 0 -1435.65700659745 -2626.10769928489
1 0 0 0 1 0 0 0 1 0 0 0 -1471.25787994356 -2728.74212005643
1 0 0 0 1 0 0 0 1 0 0 0 -1460.14800385977 -2739.85199614022
1 0 0 0 1 0 0 0 1 0 0 0 -1445.39213376798 -2754.60786623201
1 0 0 0 1 0 0 0 1 0 0 0 -1549.29776502448 -2850.70223497551
1 0 0 0 1 0 0 0 1 0 0 0 -1463.86031679389 -2736.13968320609
1 0 0 0 1 0 0 0 1 0 0 0 -1537.65158984973 -2727.31810711995
1 0 0 0 1 0 0 0 1 0 0 0 -1595.63436426391 -2804.36563573608
1 0 0 0 1 0 0 0 1 0 0 0 -1473.29862673288 -2726.70137326711
1 0 0 0 1 0 0 0 1 0 0 0 -1564.6151643188 -2835.38483568119
1 0 0 0 1 0 0 0 1 0 0 0 -1519.32942072566 -2880.67057927433
1 0 0 0 1 0 0 0 1 0 0 0 -1241.75388246994 -2758.24611753005
1 0 0 0 1 0 0 0 1 0 0 0 -1241.27775798005 -2835.08587838357
1 0 0 0 1 0 0 0 1 0 0 0 -1406.26318068867 -2793.73681931132
1 0 0 0 1 0 0 0 1 0 0 0 -1225.41932413257 -2655.28655822037
1 0 0 0 1 0 0 0 1 0 0 0 -1179.23328085113 -2620.76671914886
1 0 0 0 1 0 0 0 1 0 0 0 -1493.20395802539 -2796.3960419746
1 0 0 0 1 0 0 0 1 0 0 0 -1452.60045236009 -2615.67540970887
1 0 0 0 1 0 0 0 1 0 0 0 -1223.46974351654 -2624.40122422539
1 0 0 0 1 0 0 0 1 0 0 0 -1102.98191240145 -2697.01808759854
1 0 0 0 1 0 0 0 1 0 0 0 -887.455181732177 -2712.54481826782
1 0 0 0 1 0 0 0 1 0 0 0 -886.907932920378 -2713.09206707962
1 0 0 0 1 0 0 0 1 0 0 0 -910.86356564014 -2689.13643435986
1 0 0 0 1 0 0 0 1 0 0 0 -1140.87614258633 -2697.96256709108
1 0 0 0 1 0 0 0 1 0 0 0 -1336.825146973 -2539.17485302699
1 0 0 0 1 0 0 0 1 0 0 0 -1231.83553067119 -2568.1644693288
1 0 0 0 1 0 0 0 1 0 0 0 -1234.61118950721 -2585.9770457869
1 0 0 0 1 0 0 0 1 0 0 0 -1239.90527420778 -2585.38504837285
1 0 0 0 1 0 0 0 1 0 0 0 -1246.44853458385 -2567.55146541614
1 0 0 0 1 0 0 0 1 0 0 0 -1427.46748595925 -2775.44160494983
1 0 0 0 1 0 0 0 1 0 0 0 -1430.22889646014 -2785.286255055
1 0 0 0 1 0 0 0 1 0 0 0 -1548.0769341866 -2934.34730823763
1 0 0 0 1 0 0 0 1 0 0 0 -1547.15012713804 -2903.30148576517
1 0 0 0 1 0 0 0 1 0 0 0 -1566.32072225879 -2897.29218096701
1 0 0 0 1 0 0 0 1 0 0 0 -1570.3081828001 -2916.33697849021
1 0 0 0 1 0 0 0 1 0 0 0 -1556.47973592673 -2907.13316729907
1 0 0 0 1 0 0 0 1 0 0 0 -1557.90856668576 -2893.09143331423
1 0 0 0 1 0 0 0 1 0 0 0 -1563.62789697684 -2882.09624095418
1 0 0 0 1 0 0 0 1 0 0 0 -1587.93231085496 -2912.89527535193
1 0 0 0 1 0 0 0 1 0 0 0 -1556.52422436377 -2880.87577563622
1 0 0 0 1 0 0 0 1 0 0 0 -1570.44702589883 -2904.35297410116
1 0 0 0 1 0 0 0 1 0 0 0 -1542.48412892442 -2940.39087107557
1 0 0 0 1 0 0 0 1 0 0 0 -1594.17029359061 -2863.36816794784
1 0 0 0 1 0 0 0 1 0 0 0 -1622.02736812037 -2851.20340111039
1 0 0 0 1 0 0 0 1 0 0 0 -1594.37362576049 -2840.72314843305
1 0 0 0 1 0 0 0 1 0 0 0 -1613.16103528544 -2867.91588779147
1 0 0 0 1 0 0 0 1 0 0 0 -1616.10703581569 -2866.27757956892
1 0 0 0 1 0 0 0 1 0 0 0 -1614.33747871629 -2868.04713666832
1 0 0 0 1 0 0 0 1 0 0 0 -1596.90810032186 -2860.6303612166