1 0 0 0 1 0 0 0 1 0 0 0 -911.630352799574 -2688.36964720042
1 0 0 0 1 0 0 0 1 0 0 0 -917.386085363598 -2682.6139146364
1 0 0 0 1 0 0 0 1 0 0 0 -914.768943146764 -2685.23105685323
1 0 0 0 1 0 0 0 1 0 0 0 -904.433860462197 -2695.5661395378
1 0 0 0 1 0 0 0 1 0 0 0 -910.787176311477 -2689.21282368852
1 0 0 0 1 0 0 0 1 0 0 0 -920.354473116591 -2679.6455268834
1 0 0 0 1 0 0 0 1 0 0 0 -908.937219825816 -2691.06278017418
1 0 0 0 1 0 0 0 1 0 0 0 -923.233855150787 -2676.76614484921
1 0 0 0 1 0 0 0 1 0 0 0 -936.0551619814 -2663.94483801859
1 0 0 0 1 0 0 0 1 0 0 0 -920.253774377115 -2679.74622562288
1 0 0 0 1 0 0 0 1 0 0 0 -920.532976674344 -2679.46702332565
1 0 0 0 1 0 0 0 1 0 0 0 -927.541016680825 -2672.45898331917
1 0 0 0 1 0 0 0 1 0 0 0 -928.96041900001 -2671.03958099998
1 0 0 0 1 0 0 0 1 0 0 0 -929.332741594945 -2670.66725840505
1 0 0 0 1 0 0 0 1 0 0 0 -933.271567312363 -2666.72843268763
1 0 0 0 1 0 0 0 1 0 0 0 -918.174205267374 -2681.82579473262
1 0 0 0 1 0 0 0 1 0 0 0 -904.180985577943 -2695.81901442205
1 0 0 0 1 0 0 0 1 0 0 0 -891.866554485664 -2708.13344551433
1 0 0 0 1 0 0 0 1 0 0 0 -898.086751566941 -2701.91324843305
1 0 0 0 1 0 0 0 1 0 0 0 -900.294780811196 -2699.7052191888
1 0 0 0 1 0 0 0 1 0 0 0 -900.222013385201 -2699.77798661479
1 0 0 0 1 0 0 0 1 0 0 0 -881.073128283468 -2718.92687171653
1 0 0 0 1 0 0 0 1 0 0 0 -883.043396410267 -2716.95660358973
1 0 0 0 1 0 0 0 1 0 0 0 -877.543260286673 -2722.45673971332
1 0 0 0 1 0 0 0 1 0 0 0 -874.555911525893 -2725.4440884741
1 0 0 0 1 0 0 0 1 0 0 0 -868.024452046559 -2731.97554795344
1 0 0 0 1 0 0 0 1 0 0 0 -873.58836683005 -2726.41163316994
1 0 0 0 1 0 0 0 1 0 0 0 -869.158544685303 -2730.84145531469
1 0 0 0 1 0 0 0 1 0 0 0 -872.202662599676 -2727.79733740032
1 0 0 0 1 0 0 0 1 0 0 0 -869.015485580772 -2730.98451441922
1 0 0 0 1 0 0 0 1 0 0 0 -872.266286248238 -2727.73371375176
1 0 0 0 1 0 0 0 1 0 0 0 -879.799653641291 -2720.2003463587
1 0 0 0 1 0 0 0 1 0 0 0 -884.974192954651 -2715.02580704534
1 0 0 0 1 0 0 0 1 0 0 0 -891.504388853771 -2708.49561114622
1 0 0 0 1 0 0 0 1 0 0 0 -888.228619178917 -2711.77138082108
1 0 0 0 1 0 0 0 1 0 0 0 -890.301670271152 -2709.69832972884
1 0 0 0 1 0 0 0 1 0 0 0 -890.723617299297 -2709.2763827007
1 0 0 0 1 0 0 0 1 0 0 0 -895.046960689108 -2704.95303931089
1 0 0 0 1 0 0 0 1 0 0 0 -892.555965656081 -2707.44403434391
1 0 0 0 1 0 0 0 1 0 0 0 -892.869143265551 -2707.13085673444
1 0 0 0 1 0 0 0 1 0 0 0 -903.998587925551 -2696.00141207444
1 0 0 0 1 0 0 0 1 0 0 0 -906.332656336012 -2693.66734366398
1 0 0 0 1 0 0 0 1 0 0 0 -901.383859483436 -2698.61614051656
1 0 0 0 1 0 0 0 1 0 0 0 -906.510213317632 -2693.48978668236
1 0 0 0 1 0 0 0 1 0 0 0 -908.126435753189 -2691.87356424681
1 0 0 0 1 0 0 0 1 0 0 0 -913.553110873334 -2686.44688912666
1 0 0 0 1 0 0 0 1 0 0 0 -912.161517573561 -2687.83848242643
1 0 0 0 1 0 0 0 1 0 0 0 -913.565853438396 -2686.4341465616
1 0 0 0 1 0 0 0 1 0 0 0 -914.988930310721 -2685.01106968927
1 0 0 0 1 0 0 0 1 0 0 0 -920.023930006601 -2679.97606999339
1 0 0 0 1 0 0 0 1 0 0 0 -916.14568797088 -2683.85431202911
1 0 0 0 1 0 0 0 1 0 0 0 -922.079308069522 -2677.92069193047
1 0 0 0 1 0 0 0 1 0 0 0 -920.880320811431 -2679.11967918856
1 0 0 0 1 0 0 0 1 0 0 0 -896.136262118563 -2703.86373788143
1 0 0 0 1 0 0 0 1 0 0 0 -792.572401862267 -2607.42759813773
1 0 0 0 1 0 0 0 1 0 0 0 -916.144305543722 -2683.85569445627
1 0 0 0 1 0 0 0 1 0 0 0 -791.541861970326 -2608.45813802967
1 0 0 0 1 0 0 0 1 0 0 0 -891.093818247494 -2708.9061817525
1 0 0 0 1 0 0 0 1 0 0 0 -906.595590257928 -2693.40440974207
1 0 0 0 1 0 0 0 1 0 0 0 -903.338937455453 -2696.66106254454
1 0 0 0 1 0 0 0 1 0 0 0 -1761.44753780364 -3638.55246219635
1 0 0 0 1 0 0 0 1 0 0 0 -890.433241979887 -2709.56675802011
1 0 0 0 1 0 0 0 1 0 0 0 -908.006330651243 -2691.99366934875
1 0 0 0 1 0 0 0 1 0 0 0 -888.576956222602 -2711.42304377739
1 0 0 0 1 0 0 0 1 0 0 0 -916.762671191343 -2683.23732880865
1 0 0 0 1 0 0 0 1 0 0 0 -924.518145053666 -2675.48185494633
1 0 0 0 1 0 0 0 1 0 0 0 -941.092377382123 -2658.90762261787
1 0 0 0 1 0 0 0 1 0 0 0 -921.54167293063 -2678.45832706937
1 0 0 0 1 0 0 0 1 0 0 0 -872.054236039274 -2727.94576396072
1 0 0 0 1 0 0 0 1 0 0 0 -956.284405631625 -2643.71559436837
1 0 0 0 1 0 0 0 1 0 0 0 -1098.3898819328 -2701.61011806719
1 0 0 0 1 0 0 0 1 0 0 0 -956.843311489638 -2643.15668851036
1 0 0 0 1 0 0 0 1 0 0 0 -1012.01263466327 -2587.98736533672