1 0 0 0 1 0 0 0 1 0 0 0 -951.297043026806 -2848.70295697319
1 0 0 0 1 0 0 0 1 0 0 0 -960.203211093078 -2839.79678890692
1 0 0 0 1 0 0 0 1 0 0 0 -1038.91067017159 -2761.0893298284
1 0 0 0 1 0 0 0 1 0 0 0 -1009.78878834938 -2790.21121165061
1 0 0 0 1 0 0 0 1 0 0 0 -994.926131506744 -2805.07386849325
1 0 0 0 1 0 0 0 1 0 0 0 -961.639362330726 -2838.36063766927
1 0 0 0 1 0 0 0 1 0 0 0 -959.065270891442 -2840.93472910855
1 0 0 0 1 0 0 0 1 0 0 0 -940.337171672369 -2859.66282832763
1 0 0 0 1 0 0 0 1 0 0 0 -985.752757543334 -2814.24724245666
1 0 0 0 1 0 0 0 1 0 0 0 -957.616390806013 -2842.38360919398
1 0 0 0 1 0 0 0 1 0 0 0 -836.981322322107 -2763.01867767789
1 0 0 0 1 0 0 0 1 0 0 0 -831.767684817831 -2768.23231518216
1 0 0 0 1 0 0 0 1 0 0 0 -868.73142535418 -2731.26857464581
1 0 0 0 1 0 0 0 1 0 0 0 -896.001853431163 -2703.99814656883
1 0 0 0 1 0 0 0 1 0 0 0 -898.24004003606 -2701.75995996393
1 0 0 0 1 0 0 0 1 0 0 0 -913.918880110181 -2686.08111988981
1 0 0 0 1 0 0 0 1 0 0 0 -925.869524903745 -2674.13047509625
1 0 0 0 1 0 0 0 1 0 0 0 -1078.66535789676 -2721.33464210323
1 0 0 0 1 0 0 0 1 0 0 0 -1122.46234934524 -2677.53765065475
1 0 0 0 1 0 0 0 1 0 0 0 -1119.60177830085 -2680.39822169914
1 0 0 0 1 0 0 0 1 0 0 0 -1113.07035093687 -2686.92964906312
1 0 0 0 1 0 0 0 1 0 0 0 -1140.50308432039 -2659.4969156796
1 0 0 0 1 0 0 0 1 0 0 0 -1047.8294119052 -2552.17058809479
1 0 0 0 1 0 0 0 1 0 0 0 -1045.99814586333 -2554.00185413666
1 0 0 0 1 0 0 0 1 0 0 0 -1048.26749318669 -2551.7325068133
1 0 0 0 1 0 0 0 1 0 0 0 -1062.68342349331 -2537.31657650668
1 0 0 0 1 0 0 0 1 0 0 0 -1195.20929649315 -2658.24524896138
1 0 0 0 1 0 0 0 1 0 0 0 -1198.3110693959 -2655.99196090712
1 0 0 0 1 0 0 0 1 0 0 0 -1502.69298410347 -2944.05701589652
1 0 0 0 1 0 0 0 1 0 0 0 -1546.96234945184 -2957.38247813436
1 0 0 0 1 0 0 0 1 0 0 0 -1324.19112515405 -2738.53614757321
1 0 0 0 1 0 0 0 1 0 0 0 -1522.82846021282 -2924.06809151131
1 0 0 0 1 0 0 0 1 0 0 0 -1333.42125283999 -2734.32068264387
1 0 0 0 1 0 0 0 1 0 0 0 -1330.43976621406 -2732.6636820618
1 0 0 0 1 0 0 0 1 0 0 0 -1327.47665882264 -2722.52334117735
1 0 0 0 1 0 0 0 1 0 0 0 -1334.85835595415 -2741.14164404584
1 0 0 0 1 0 0 0 1 0 0 0 -1332.79079593709 -2743.2092040629
1 0 0 0 1 0 0 0 1 0 0 0 -1518.9753013471 -2937.69136531955
1 0 0 0 1 0 0 0 1 0 0 0 -1529.97380850821 -2941.5434328711
1 0 0 0 1 0 0 0 1 0 0 0 -1531.59922456961 -2946.70380573341
1 0 0 0 1 0 0 0 1 0 0 0 -1524.9020462449 -2957.52219617933
1 0 0 0 1 0 0 0 1 0 0 0 -1319.15622674446 -2756.84377325553
1 0 0 0 1 0 0 0 1 0 0 0 -1317.77410713358 -2751.53623769399
1 0 0 0 1 0 0 0 1 0 0 0 -1311.42242647706 -2763.06033214362
1 0 0 0 1 0 0 0 1 0 0 0 -1306.67272895465 -2759.53416759706
1 0 0 0 1 0 0 0 1 0 0 0 -1305.58555087118 -2767.14172185608
1 0 0 0 1 0 0 0 1 0 0 0 -1267.75005398955 -2735.24994601044
1 0 0 0 1 0 0 0 1 0 0 0 -1301.54255495339 -2774.4574450466
1 0 0 0 1 0 0 0 1 0 0 0 -1297.27671888493 -2777.20603973575
1 0 0 0 1 0 0 0 1 0 0 0 -1306.96300310844 -2789.24389344327
1 0 0 0 1 0 0 0 1 0 0 0 -1284.63386959156 -2775.36613040843
1 0 0 0 1 0 0 0 1 0 0 0 -1283.08097266849 -2776.9190273315
1 0 0 0 1 0 0 0 1 0 0 0 -1287.95293193098 -2779.31979534174
1 0 0 0 1 0 0 0 1 0 0 0 -1302.82405651611 -2793.38284003561
1 0 0 0 1 0 0 0 1 0 0 0 -1306.38911030098 -2796.02468280246
1 0 0 0 1 0 0 0 1 0 0 0 -1278.20597092426 -2769.38023597228
1 0 0 0 1 0 0 0 1 0 0 0 -1279.74628740124 -2765.25371259875
1 0 0 0 1 0 0 0 1 0 0 0 -1282.90502046088 -2762.09497953911
1 0 0 0 1 0 0 0 1 0 0 0 -1310.58700594084 -2785.61989061088
1 0 0 0 1 0 0 0 1 0 0 0 -1282.71453702969 -2753.49235952202
1 0 0 0 1 0 0 0 1 0 0 0 -1262.84129220109 -2743.1587077989
1 0 0 0 1 0 0 0 1 0 0 0 -1305.47492782568 -2770.52507217431
1 0 0 0 1 0 0 0 1 0 0 0 -1288.45645863688 -2747.75043791484
1 0 0 0 1 0 0 0 1 0 0 0 -1304.56535153796 -2765.77947604824
1 0 0 0 1 0 0 0 1 0 0 0 -1290.20040172871 -2759.79959827128
1 0 0 0 1 0 0 0 1 0 0 0 -1296.66868388363 -2779.33131611636
1 0 0 0 1 0 0 0 1 0 0 0 -1290.4360853948 -2772.66736288105
1 0 0 0 1 0 0 0 1 0 0 0 -1290.3898067723 -2772.71364150355
1 0 0 0 1 0 0 0 1 0 0 0 -1290.21975576132 -2772.88369251454
1 0 0 0 1 0 0 0 1 0 0 0 -1277.77186339868 -2763.60744694614
1 0 0 0 1 0 0 0 1 0 0 0 -1282.00819344022 -2762.99180655977
1 0 0 0 1 0 0 0 1 0 0 0 -1298.49745483584 -2777.50254516415
1 0 0 0 1 0 0 0 1 0 0 0 -1297.89284875666 -2778.10715124333