1 0 0 0 1 0 0 0 1 0 0 0 -1319.74133659642 -3480.25866340357
1 0 0 0 1 0 0 0 1 0 0 0 -1323.00631940391 -3476.99368059608
1 0 0 0 1 0 0 0 1 0 0 0 -1322.92370763033 -3477.07629236966
1 0 0 0 1 0 0 0 1 0 0 0 -1319.16918996889 -3480.8308100311
1 0 0 0 1 0 0 0 1 0 0 0 -1316.44332122312 -3483.55667877687
1 0 0 0 1 0 0 0 1 0 0 0 -1315.19543045109 -3484.8045695489
1 0 0 0 1 0 0 0 1 0 0 0 -1316.17822761329 -3483.82177238671
1 0 0 0 1 0 0 0 1 0 0 0 -1321.14406624843 -3478.85593375156
1 0 0 0 1 0 0 0 1 0 0 0 -1322.45393404332 -3477.54606595667
1 0 0 0 1 0 0 0 1 0 0 0 -1321.09980628938 -3478.90019371061
1 0 0 0 1 0 0 0 1 0 0 0 -1319.09460404284 -3480.90539595715
1 0 0 0 1 0 0 0 1 0 0 0 -1318.46988832641 -3481.53011167358
1 0 0 0 1 0 0 0 1 0 0 0 -1316.66412609265 -3483.33587390734
1 0 0 0 1 0 0 0 1 0 0 0 -1318.24037503125 -3481.75962496874
1 0 0 0 1 0 0 0 1 0 0 0 -1319.66800098314 -3480.33199901685
1 0 0 0 1 0 0 0 1 0 0 0 -1321.49158901022 -3478.50841098978
1 0 0 0 1 0 0 0 1 0 0 0 -1319.06082408019 -3480.9391759198
1 0 0 0 1 0 0 0 1 0 0 0 -1318.73485604225 -3481.26514395774
1 0 0 0 1 0 0 0 1 0 0 0 -1319.0457958869 -3480.95420411309
1 0 0 0 1 0 0 0 1 0 0 0 -1320.0555323454 -3479.94446765459
1 0 0 0 1 0 0 0 1 0 0 0 -1322.96609334283 -3477.03390665716
1 0 0 0 1 0 0 0 1 0 0 0 -1321.97400641611 -3478.02599358388
1 0 0 0 1 0 0 0 1 0 0 0 -1321.62627514232 -3478.37372485767
1 0 0 0 1 0 0 0 1 0 0 0 -1321.44469851013 -3478.55530148986
1 0 0 0 1 0 0 0 1 0 0 0 -1321.67131792225 -3478.32868207774
1 0 0 0 1 0 0 0 1 0 0 0 -1323.59924845148 -3476.40075154851
1 0 0 0 1 0 0 0 1 0 0 0 -1324.13021318119 -3475.8697868188
1 0 0 0 1 0 0 0 1 0 0 0 -1323.44263620494 -3476.55736379505
1 0 0 0 1 0 0 0 1 0 0 0 -1323.60291299592 -3476.39708700408
1 0 0 0 1 0 0 0 1 0 0 0 -1324.12172774217 -3475.87827225782
1 0 0 0 1 0 0 0 1 0 0 0 -1321.12949587423 -3478.87050412576
1 0 0 0 1 0 0 0 1 0 0 0 -1323.2741497412 -3476.72585025879
1 0 0 0 1 0 0 0 1 0 0 0 -1321.73878173423 -3478.26121826576
1 0 0 0 1 0 0 0 1 0 0 0 -1322.60844672769 -3477.3915532723
1 0 0 0 1 0 0 0 1 0 0 0 -1321.77445081083 -3478.22554918916
1 0 0 0 1 0 0 0 1 0 0 0 -1320.33964404853 -3479.66035595146
1 0 0 0 1 0 0 0 1 0 0 0 -1316.05132231881 -3483.94867768118
1 0 0 0 1 0 0 0 1 0 0 0 -1314.22009255507 -3485.77990744492
1 0 0 0 1 0 0 0 1 0 0 0 -1311.87901559817 -3488.12098440182
1 0 0 0 1 0 0 0 1 0 0 0 -1309.64824673942 -3490.35175326057
1 0 0 0 1 0 0 0 1 0 0 0 -1310.54982736444 -3489.45017263555
1 0 0 0 1 0 0 0 1 0 0 0 -1310.77327996994 -3489.22672003005
1 0 0 0 1 0 0 0 1 0 0 0 -1312.88525212996 -3487.11474787003
1 0 0 0 1 0 0 0 1 0 0 0 -1316.5219516356 -3483.47804836439
1 0 0 0 1 0 0 0 1 0 0 0 -1318.08604633285 -3481.91395366714
1 0 0 0 1 0 0 0 1 0 0 0 -1319.87493804464 -3480.12506195535
1 0 0 0 1 0 0 0 1 0 0 0 -1320.7866927717 -3479.21330722829
1 0 0 0 1 0 0 0 1 0 0 0 -1419.29244496373 -3580.70755503626
1 0 0 0 1 0 0 0 1 0 0 0 -1421.93634337504 -3578.06365662495
1 0 0 0 1 0 0 0 1 0 0 0 -1426.46548875445 -3573.53451124554
1 0 0 0 1 0 0 0 1 0 0 0 -1427.62650162253 -3572.37349837746
1 0 0 0 1 0 0 0 1 0 0 0 -1428.744524749 -3571.25547525099
1 0 0 0 1 0 0 0 1 0 0 0 -1428.50530574731 -3571.49469425268
1 0 0 0 1 0 0 0 1 0 0 0 -1428.72053820263 -3571.27946179736
1 0 0 0 1 0 0 0 1 0 0 0 -1427.43111090702 -3572.56888909297
1 0 0 0 1 0 0 0 1 0 0 0 -1430.85505935348 -3569.14494064651
1 0 0 0 1 0 0 0 1 0 0 0 -1432.82371362792 -3567.17628637207
1 0 0 0 1 0 0 0 1 0 0 0 -1435.97175186134 -3564.02824813865
1 0 0 0 1 0 0 0 1 0 0 0 -1439.19835864608 -3560.80164135391
1 0 0 0 1 0 0 0 1 0 0 0 -1442.95848011793 -3557.04151988206
1 0 0 0 1 0 0 0 1 0 0 0 -1446.49479209545 -3553.50520790454
1 0 0 0 1 0 0 0 1 0 0 0 -1448.37456586231 -3551.62543413768
1 0 0 0 1 0 0 0 1 0 0 0 -1449.6469994632 -3550.35300053679
1 0 0 0 1 0 0 0 1 0 0 0 -1448.68163030044 -3551.31836969955
1 0 0 0 1 0 0 0 1 0 0 0 -1450.78841037535 -3549.21158962464
1 0 0 0 1 0 0 0 1 0 0 0 -1453.11468071983 -3546.88531928016
1 0 0 0 1 0 0 0 1 0 0 0 -1454.01676640109 -3545.9832335989
1 0 0 0 1 0 0 0 1 0 0 0 -1456.63431631705 -3543.36568368294
1 0 0 0 1 0 0 0 1 0 0 0 -1457.8975481379 -3542.10245186209
1 0 0 0 1 0 0 0 1 0 0 0 -1461.79462289126 -3538.20537710873
1 0 0 0 1 0 0 0 1 0 0 0 -1468.91004440057 -3531.08995559942
1 0 0 0 1 0 0 0 1 0 0 0 -1473.8563130243 -3526.14368697569
1 0 0 0 1 0 0 0 1 0 0 0 -1482.06171000347 -3517.93828999652
1 0 0 0 1 0 0 0 1 0 0 0 -1488.24538927897 -3511.75461072102
1 0 0 0 1 0 0 0 1 0 0 0 -1496.30305512271 -3503.69694487728
1 0 0 0 1 0 0 0 1 0 0 0 -1499.56293150277 -3500.43706849722
1 0 0 0 1 0 0 0 1 0 0 0 -1513.59496008026 -3486.40503991973
1 0 0 0 1 0 0 0 1 0 0 0 -1527.90126061507 -3472.09873938492
1 0 0 0 1 0 0 0 1 0 0 0 -1537.52101050877 -3462.47898949122
1 0 0 0 1 0 0 0 1 0 0 0 -1544.38352542577 -3455.61647457422
1 0 0 0 1 0 0 0 1 0 0 0 -1547.86019749652 -3452.13980250347
1 0 0 0 1 0 0 0 1 0 0 0 -1550.26045696331 -3449.73954303668
1 0 0 0 1 0 0 0 1 0 0 0 -1550.7316485086 -3449.26835149139
1 0 0 0 1 0 0 0 1 0 0 0 -1553.25662918778 -3446.74337081221
1 0 0 0 1 0 0 0 1 0 0 0 -1558.94680756828 -3441.05319243171
1 0 0 0 1 0 0 0 1 0 0 0 -1563.10496894413 -3436.89503105586
1 0 0 0 1 0 0 0 1 0 0 0 -1562.45756633035 -3437.54243366964
1 0 0 0 1 0 0 0 1 0 0 0 -1558.96401530635 -3441.03598469364
1 0 0 0 1 0 0 0 1 0 0 0 -1558.16474246602 -3441.83525753398
1 0 0 0 1 0 0 0 1 0 0 0 -1560.01717264359 -3439.98282735641
1 0 0 0 1 0 0 0 1 0 0 0 -1661.32265171048 -3538.67734828951
1 0 0 0 1 0 0 0 1 0 0 0 -1668.83417241749 -3531.1658275825
1 0 0 0 1 0 0 0 1 0 0 0 -1675.37745012491 -3524.62254987508
1 0 0 0 1 0 0 0 1 0 0 0 -1672.54904903952 -3527.45095096047
1 0 0 0 1 0 0 0 1 0 0 0 -1668.93298164414 -3531.06701835585
1 0 0 0 1 0 0 0 1 0 0 0 -1560.34125225837 -3439.65874774162
1 0 0 0 1 0 0 0 1 0 0 0 -1553.70180548599 -3446.298194514
1 0 0 0 1 0 0 0 1 0 0 0 -1546.92632197812 -3453.07367802187
1 0 0 0 1 0 0 0 1 0 0 0 -1540.99718544558 -3459.00281455441
1 0 0 0 1 0 0 0 1 0 0 0 -1539.44586442221 -3460.55413557778
1 0 0 0 1 0 0 0 1 0 0 0 -1539.53684773605 -3460.46315226394
1 0 0 0 1 0 0 0 1 0 0 0 -1539.95260631486 -3460.04739368513
1 0 0 0 1 0 0 0 1 0 0 0 -1533.10367704578 -3466.89632295421
1 0 0 0 1 0 0 0 1 0 0 0 -1536.54145783425 -3463.45854216574
1 0 0 0 1 0 0 0 1 0 0 0 -1536.76652455265 -3463.23347544734
1 0 0 0 1 0 0 0 1 0 0 0 -1532.57327654729 -3467.4267234527
1 0 0 0 1 0 0 0 1 0 0 0 -1526.12737249079 -3473.8726275092
1 0 0 0 1 0 0 0 1 0 0 0 -1523.32247236082 -3476.67752763917
1 0 0 0 1 0 0 0 1 0 0 0 -1424.34235188373 -3375.65764811626
1 0 0 0 1 0 0 0 1 0 0 0 -1416.22707735523 -3383.77292264476
1 0 0 0 1 0 0 0 1 0 0 0 -1409.73088312741 -3390.26911687258
1 0 0 0 1 0 0 0 1 0 0 0 -1597.86239479282 -3602.13760520717
1 0 0 0 1 0 0 0 1 0 0 0 -1490.00114329812 -3509.99885670187
1 0 0 0 1 0 0 0 1 0 0 0 -1585.97848810781 -3614.02151189218
1 0 0 0 1 0 0 0 1 0 0 0 -1579.43945178841 -3620.56054821158
1 0 0 0 1 0 0 0 1 0 0 0 -1578.33164939782 -3621.66835060218
1 0 0 0 1 0 0 0 1 0 0 0 -1572.74737060978 -3627.25262939021
1 0 0 0 1 0 0 0 1 0 0 0 -1560.44890200662 -3639.55109799337
1 0 0 0 1 0 0 0 1 0 0 0 -1553.33093753076 -3646.66906246923
1 0 0 0 1 0 0 0 1 0 0 0 -1551.55555468457 -3648.44444531542
1 0 0 0 1 0 0 0 1 0 0 0 -1545.17715265133 -3654.82284734866
1 0 0 0 1 0 0 0 1 0 0 0 -1533.25844841293 -3666.74155158706
1 0 0 0 1 0 0 0 1 0 0 0 -1526.82983562529 -3673.1701643747
1 0 0 0 1 0 0 0 1 0 0 0 -1422.95194006576 -3577.04805993423
1 0 0 0 1 0 0 0 1 0 0 0 -1425.19022266056 -3574.80977733943
1 0 0 0 1 0 0 0 1 0 0 0 -1424.12821596755 -3575.87178403244
1 0 0 0 1 0 0 0 1 0 0 0 -1416.26729162304 -3583.73270837695
1 0 0 0 1 0 0 0 1 0 0 0 -1409.32805568954 -3590.67194431045
1 0 0 0 1 0 0 0 1 0 0 0 -1394.84594801499 -3605.154051985
1 0 0 0 1 0 0 0 1 0 0 0 -1388.5458987877 -3611.45410121229
1 0 0 0 1 0 0 0 1 0 0 0 -1385.23059284032 -3614.76940715967
1 0 0 0 1 0 0 0 1 0 0 0 -1377.66626893483 -3622.33373106516
1 0 0 0 1 0 0 0 1 0 0 0 -1472.93050280515 -3727.06949719484
1 0 0 0 1 0 0 0 1 0 0 0 -1471.9586131206 -3728.04138687939
1 0 0 0 1 0 0 0 1 0 0 0 -1464.97150031683 -3735.02849968316
1 0 0 0 1 0 0 0 1 0 0 0 -1460.71603116765 -3739.28396883234
1 0 0 0 1 0 0 0 1 0 0 0 -1456.85313167274 -3743.14686832725
1 0 0 0 1 0 0 0 1 0 0 0 -1453.59223263212 -3746.40776736787
1 0 0 0 1 0 0 0 1 0 0 0 -1444.63052990655 -3755.36947009344
1 0 0 0 1 0 0 0 1 0 0 0 -1437.5939725207 -3762.40602747929
1 0 0 0 1 0 0 0 1 0 0 0 -1436.2554319976 -3763.74456800239
1 0 0 0 1 0 0 0 1 0 0 0 -1429.221779762 -3770.77822023799
1 0 0 0 1 0 0 0 1 0 0 0 -1321.98380638301 -3678.01619361698
1 0 0 0 1 0 0 0 1 0 0 0 -1316.33454162612 -3683.66545837387
1 0 0 0 1 0 0 0 1 0 0 0 -1114.42084334504 -3485.57915665495
1 0 0 0 1 0 0 0 1 0 0 0 -1110.78435594677 -3489.21564405322
1 0 0 0 1 0 0 0 1 0 0 0 -1101.75080036881 -3498.24919963118
1 0 0 0 1 0 0 0 1 0 0 0 -1091.76474991865 -3508.23525008134
1 0 0 0 1 0 0 0 1 0 0 0 -1080.55437793481 -3519.44562206518
1 0 0 0 1 0 0 0 1 0 0 0 -1072.7179233556 -3527.28207664439
1 0 0 0 1 0 0 0 1 0 0 0 -1367.86261129836 -3832.13738870163
1 0 0 0 1 0 0 0 1 0 0 0 -1468.97273339299 -3931.027266607
1 0 0 0 1 0 0 0 1 0 0 0 -1482.60739773883 -3917.39260226116
1 0 0 0 1 0 0 0 1 0 0 0 -1485.50007773563 -3914.49992226436
1 0 0 0 1 0 0 0 1 0 0 0 -1371.32912660687 -3828.67087339312
1 0 0 0 1 0 0 0 1 0 0 0 -1354.11724626073 -3845.88275373926
1 0 0 0 1 0 0 0 1 0 0 0 -1342.01477391828 -3857.98522608171
1 0 0 0 1 0 0 0 1 0 0 0 -1326.76642288646 -3873.23357711353
1 0 0 0 1 0 0 0 1 0 0 0 -1320.11951776718 -3879.88048223281
1 0 0 0 1 0 0 0 1 0 0 0 -1314.78100763997 -3885.21899236002
1 0 0 0 1 0 0 0 1 0 0 0 -1316.40510287152 -3883.59489712847
1 0 0 0 1 0 0 0 1 0 0 0 -1316.19165281384 -3883.80834718615
1 0 0 0 1 0 0 0 1 0 0 0 -1310.90222795729 -3889.0977720427
1 0 0 0 1 0 0 0 1 0 0 0 -1504.47921757712 -4000
1 0 0 0 1 0 0 0 1 0 0 0 -1513.67068579513 -4000
1 0 0 0 1 0 0 0 1 0 0 0 -1537.81832254443 -4000
1 0 0 0 1 0 0 0 1 0 0 0 -1457.03041634111 -3942.96958365888
1 0 0 0 1 0 0 0 1 0 0 0 -1468.73408834787 -3931.26591165212
1 0 0 0 1 0 0 0 1 0 0 0 -1390.3679482904 -3809.6320517096
1 0 0 0 1 0 0 0 1 0 0 0 -1400.54874770991 -3799.45125229008
1 0 0 0 1 0 0 0 1 0 0 0 -1399.84086482555 -3800.15913517444
1 0 0 0 1 0 0 0 1 0 0 0 -1402.78427552944 -3797.21572447055
1 0 0 0 1 0 0 0 1 0 0 0 -1417.92616533364 -3782.07383466635
1 0 0 0 1 0 0 0 1 0 0 0 -1325.90376501798 -3674.09623498201
1 0 0 0 1 0 0 0 1 0 0 0 -1323.28674889654 -3676.71325110345
1 0 0 0 1 0 0 0 1 0 0 0 -1415.96884367381 -3784.03115632618
1 0 0 0 1 0 0 0 1 0 0 0 -1405.63043091237 -3794.36956908762
1 0 0 0 1 0 0 0 1 0 0 0 -1411.00647364532 -3788.99352635467
1 0 0 0 1 0 0 0 1 0 0 0 -1327.84338757205 -3672.15661242794
1 0 0 0 1 0 0 0 1 0 0 0 -1341.05297019012 -3658.94702980987
1 0 0 0 1 0 0 0 1 0 0 0 -1347.08366867816 -3652.91633132183
1 0 0 0 1 0 0 0 1 0 0 0 -1344.94244535684 -3655.05755464315
1 0 0 0 1 0 0 0 1 0 0 0 -1344.48898566926 -3655.51101433073
1 0 0 0 1 0 0 0 1 0 0 0 -1351.49170840853 -3648.50829159146
1 0 0 0 1 0 0 0 1 0 0 0 -1355.32156830383 -3644.67843169616
1 0 0 0 1 0 0 0 1 0 0 0 -1356.18326225023 -3643.81673774976
1 0 0 0 1 0 0 0 1 0 0 0 -1362.37229424177 -3637.62770575822
1 0 0 0 1 0 0 0 1 0 0 0 -1361.33373671327 -3638.66626328672
1 0 0 0 1 0 0 0 1 0 0 0 -1364.93521111291 -3635.06478888709
1 0 0 0 1 0 0 0 1 0 0 0 -1363.76278007251 -3636.23721992748
1 0 0 0 1 0 0 0 1 0 0 0 -1365.37300907484 -3634.62699092515
1 0 0 0 1 0 0 0 1 0 0 0 -1377.25159427314 -3622.74840572685
1 0 0 0 1 0 0 0 1 0 0 0 -1388.68021802675 -3611.31978197324
1 0 0 0 1 0 0 0 1 0 0 0 -1401.80255062004 -3598.19744937995
1 0 0 0 1 0 0 0 1 0 0 0 -1409.79295287215 -3590.20704712784
1 0 0 0 1 0 0 0 1 0 0 0 -1409.73091708839 -3590.2690829116
1 0 0 0 1 0 0 0 1 0 0 0 -1391.14131701447 -3608.85868298552
1 0 0 0 1 0 0 0 1 0 0 0 -1376.73042786372 -3623.26957213627
1 0 0 0 1 0 0 0 1 0 0 0 -1377.42650424887 -3622.57349575112
1 0 0 0 1 0 0 0 1 0 0 0 -1389.31030210944 -3610.68969789055
1 0 0 0 1 0 0 0 1 0 0 0 -1405.25013238864 -3594.74986761135
1 0 0 0 1 0 0 0 1 0 0 0 -1423.2229822784 -3576.77701772159
1 0 0 0 1 0 0 0 1 0 0 0 -1427.99386913547 -3572.00613086452
1 0 0 0 1 0 0 0 1 0 0 0 -1415.05207171215 -3584.94792828784
1 0 0 0 1 0 0 0 1 0 0 0 -1390.38484484489 -3609.6151551551
1 0 0 0 1 0 0 0 1 0 0 0 -1371.76527261579 -3628.2347273842
1 0 0 0 1 0 0 0 1 0 0 0 -1364.0327401816 -3635.96725981839
1 0 0 0 1 0 0 0 1 0 0 0 -1364.86883963218 -3635.13116036781
1 0 0 0 1 0 0 0 1 0 0 0 -1383.52950569603 -3616.47049430396
1 0 0 0 1 0 0 0 1 0 0 0 -1396.71299901597 -3603.28700098402
1 0 0 0 1 0 0 0 1 0 0 0 -1402.06187735932 -3597.93812264067
1 0 0 0 1 0 0 0 1 0 0 0 -1390.12121996719 -3609.87878003281
1 0 0 0 1 0 0 0 1 0 0 0 -1379.08531227226 -3620.91468772773
1 0 0 0 1 0 0 0 1 0 0 0 -1380.03081654494 -3619.96918345505
1 0 0 0 1 0 0 0 1 0 0 0 -1379.96091626859 -3620.0390837314
1 0 0 0 1 0 0 0 1 0 0 0 -1387.16060539524 -3612.83939460475
1 0 0 0 1 0 0 0 1 0 0 0 -1393.05764138064 -3606.94235861935
1 0 0 0 1 0 0 0 1 0 0 0 -1400.45336760219 -3599.5466323978
1 0 0 0 1 0 0 0 1 0 0 0 -1404.43768228427 -3595.56231771572
1 0 0 0 1 0 0 0 1 0 0 0 -1403.47739914464 -3596.52260085535
1 0 0 0 1 0 0 0 1 0 0 0 -1405.9234983248 -3594.07650167519
1 0 0 0 1 0 0 0 1 0 0 0 -1409.50007252822 -3590.49992747177
1 0 0 0 1 0 0 0 1 0 0 0 -1421.56497369034 -3578.43502630965
1 0 0 0 1 0 0 0 1 0 0 0 -1427.74508961913 -3572.25491038086
1 0 0 0 1 0 0 0 1 0 0 0 -1336.76693487319 -3463.2330651268
1 0 0 0 1 0 0 0 1 0 0 0 -1347.15372211932 -3452.84627788067
1 0 0 0 1 0 0 0 1 0 0 0 -1349.70070628496 -3450.29929371503
1 0 0 0 1 0 0 0 1 0 0 0 -1353.6570947617 -3446.3429052383
1 0 0 0 1 0 0 0 1 0 0 0 -1350.26834008569 -3449.7316599143
1 0 0 0 1 0 0 0 1 0 0 0 -1345.84614376268 -3454.15385623731
1 0 0 0 1 0 0 0 1 0 0 0 -1338.20443979973 -3461.79556020026
1 0 0 0 1 0 0 0 1 0 0 0 -1335.65466243351 -3464.34533756648
1 0 0 0 1 0 0 0 1 0 0 0 -1332.90464591196 -3467.09535408803
1 0 0 0 1 0 0 0 1 0 0 0 -1432.6512175841 -3567.34878241589
1 0 0 0 1 0 0 0 1 0 0 0 -1429.97737135501 -3570.02262864498
1 0 0 0 1 0 0 0 1 0 0 0 -1324.42178979202 -3475.57821020797
1 0 0 0 1 0 0 0 1 0 0 0 -1313.660442647 -3486.33955735299
1 0 0 0 1 0 0 0 1 0 0 0 -1305.06721384837 -3494.93278615162
1 0 0 0 1 0 0 0 1 0 0 0 -1300.11745747751 -3499.88254252248
1 0 0 0 1 0 0 0 1 0 0 0 -1386.94163559457 -3613.05836440542
1 0 0 0 1 0 0 0 1 0 0 0 -1428.42295546472 -3771.57704453527
1 0 0 0 1 0 0 0 1 0 0 0 -1285.56418311505 -3714.43581688494
1 0 0 0 1 0 0 0 1 0 0 0 -1249.58005563074 -3750.41994436925
1 0 0 0 1 0 0 0 1 0 0 0 -1223.25062255736 -3776.74937744263
1 0 0 0 1 0 0 0 1 0 0 0 -1200.7133660701 -3799.28663392989
1 0 0 0 1 0 0 0 1 0 0 0 -1186.86735074211 -3813.13264925788
1 0 0 0 1 0 0 0 1 0 0 0 -1257.26453398404 -3942.73546601595
1 0 0 0 1 0 0 0 1 0 0 0 -1534.51001469594 -4000
1 0 0 0 1 0 0 0 1 0 0 0 -1624.45431676693 -4000
1 0 0 0 1 0 0 0 1 0 0 0 -1640.03740042336 -4000
1 0 0 0 1 0 0 0 1 0 0 0 -1654.6130162876 -4000
1 0 0 0 1 0 0 0 1 0 0 0 -1663.50098426969 -4000
1 0 0 0 1 0 0 0 1 0 0 0 -1572.02574674502 -4000
1 0 0 0 1 0 0 0 1 0 0 0 -1500.54425114792 -4000
1 0 0 0 1 0 0 0 1 0 0 0 -1645.92696425089 -4000
1 0 0 0 1 0 0 0 1 0 0 0 -1497.17053097898 -3902.82946902101
1 0 0 0 1 0 0 0 1 0 0 0 -1445.03408564366 -3754.96591435633
1 0 0 0 1 0 0 0 1 0 0 0 -1480.05357850538 -3719.94642149461
1 0 0 0 1 0 0 0 1 0 0 0 -1398.65230158845 -3601.34769841154
1 0 0 0 1 0 0 0 1 0 0 0 -1308.66616599205 -3491.33383400794
1 0 0 0 1 0 0 0 1 0 0 0 -1207.40562400991 -3392.59437599008
1 0 0 0 1 0 0 0 1 0 0 0 -1203.85766801643 -3396.14233198357
1 0 0 0 1 0 0 0 1 0 0 0 -1105.66813616283 -3294.33186383716
1 0 0 0 1 0 0 0 1 0 0 0 -1105.58647923775 -3294.41352076224
1 0 0 0 1 0 0 0 1 0 0 0 -1211.53002194765 -3388.46997805234
1 0 0 0 1 0 0 0 1 0 0 0 -1215.99420818625 -3384.00579181374
1 0 0 0 1 0 0 0 1 0 0 0 -1218.10944371382 -3381.89055628617
1 0 0 0 1 0 0 0 1 0 0 0 -1016.84885699269 -3183.1511430073
1 0 0 0 1 0 0 0 1 0 0 0 -1113.51435947193 -3286.48564052806
1 0 0 0 1 0 0 0 1 0 0 0 -1110.38228439805 -3289.61771560194
1 0 0 0 1 0 0 0 1 0 0 0 -1127.95580253732 -3272.04419746267
1 0 0 0 1 0 0 0 1 0 0 0 -1245.58685428395 -3354.41314571604
1 0 0 0 1 0 0 0 1 0 0 0 -1251.54246031605 -3348.45753968394
1 0 0 0 1 0 0 0 1 0 0 0 -1252.21405070824 -3347.78594929175
1 0 0 0 1 0 0 0 1 0 0 0 -1250.61824119675 -3349.38175880324
1 0 0 0 1 0 0 0 1 0 0 0 -1231.06073687322 -3368.93926312677
1 0 0 0 1 0 0 0 1 0 0 0 -1216.29473907402 -3383.70526092597
1 0 0 0 1 0 0 0 1 0 0 0 -1021.61933269889 -3178.3806673011
1 0 0 0 1 0 0 0 1 0 0 0 -1127.5234185903 -3272.47658140969
1 0 0 0 1 0 0 0 1 0 0 0 -1128.37119857694 -3271.62880142305
1 0 0 0 1 0 0 0 1 0 0 0 -1130.72466285568 -3269.27533714431
1 0 0 0 1 0 0 0 1 0 0 0 -1240.50344547452 -3359.49655452547
1 0 0 0 1 0 0 0 1 0 0 0 -1256.08401952106 -3343.91598047893
1 0 0 0 1 0 0 0 1 0 0 0 -1271.42488190184 -3328.57511809815
1 0 0 0 1 0 0 0 1 0 0 0 -1384.27826845581 -3415.72173154418
1 0 0 0 1 0 0 0 1 0 0 0 -1382.91480588855 -3417.08519411144
1 0 0 0 1 0 0 0 1 0 0 0 -1382.22125866032 -3417.77874133967
1 0 0 0 1 0 0 0 1 0 0 0 -1388.85774156679 -3411.1422584332
1 0 0 0 1 0 0 0 1 0 0 0 -1283.25455279685 -3316.74544720314
1 0 0 0 1 0 0 0 1 0 0 0 -1279.01117304368 -3320.98882695631
1 0 0 0 1 0 0 0 1 0 0 0 -1280.79309292039 -3319.2069070796
1 0 0 0 1 0 0 0 1 0 0 0 -1378.11296148782 -3421.88703851217
1 0 0 0 1 0 0 0 1 0 0 0 -1365.78437132893 -3434.21562867106
1 0 0 0 1 0 0 0 1 0 0 0 -1366.33712148612 -3433.66287851387
1 0 0 0 1 0 0 0 1 0 0 0 -1371.13083193899 -3428.869168061
1 0 0 0 1 0 0 0 1 0 0 0 -1376.43505163116 -3423.56494836883
1 0 0 0 1 0 0 0 1 0 0 0 -1368.55349637768 -3431.44650362231
1 0 0 0 1 0 0 0 1 0 0 0 -1369.97239128671 -3430.02760871328
1 0 0 0 1 0 0 0 1 0 0 0 -1369.75729351417 -3430.24270648582
1 0 0 0 1 0 0 0 1 0 0 0 -1373.29419506271 -3426.70580493728
1 0 0 0 1 0 0 0 1 0 0 0 -1382.84876577618 -3417.15123422381
1 0 0 0 1 0 0 0 1 0 0 0 -1386.41943749303 -3413.58056250696
1 0 0 0 1 0 0 0 1 0 0 0 -1386.21107140765 -3413.78892859234
1 0 0 0 1 0 0 0 1 0 0 0 -1491.64405677285 -3508.35594322714
1 0 0 0 1 0 0 0 1 0 0 0 -1499.30824670541 -3500.69175329458
1 0 0 0 1 0 0 0 1 0 0 0 -1493.91178396698 -3506.08821603301
1 0 0 0 1 0 0 0 1 0 0 0 -1485.763841542 -3514.23615845799
1 0 0 0 1 0 0 0 1 0 0 0 -1487.07105713052 -3512.92894286947
1 0 0 0 1 0 0 0 1 0 0 0 -1494.70101062442 -3505.29898937557
1 0 0 0 1 0 0 0 1 0 0 0 -1498.34720997466 -3501.65279002533
1 0 0 0 1 0 0 0 1 0 0 0 -1506.42635437827 -3493.57364562172
1 0 0 0 1 0 0 0 1 0 0 0 -1520.43682232236 -3479.56317767763
1 0 0 0 1 0 0 0 1 0 0 0 -1531.02544198318 -3468.97455801682
1 0 0 0 1 0 0 0 1 0 0 0 -1540.89181270493 -3459.10818729506
1 0 0 0 1 0 0 0 1 0 0 0 -1553.31986543698 -3446.68013456301
1 0 0 0 1 0 0 0 1 0 0 0 -1556.67997987668 -3443.32002012331
1 0 0 0 1 0 0 0 1 0 0 0 -1567.67812897501 -3432.32187102498
1 0 0 0 1 0 0 0 1 0 0 0 -1582.85007183685 -3417.14992816314
1 0 0 0 1 0 0 0 1 0 0 0 -1584.93950196947 -3415.06049803052
1 0 0 0 1 0 0 0 1 0 0 0 -1586.55303484149 -3413.4469651585
1 0 0 0 1 0 0 0 1 0 0 0 -1587.17569016102 -3412.82430983897
1 0 0 0 1 0 0 0 1 0 0 0 -1590.43311688885 -3409.56688311114
1 0 0 0 1 0 0 0 1 0 0 0 -1591.60782727146 -3408.39217272853
1 0 0 0 1 0 0 0 1 0 0 0 -1590.62072916486 -3409.37927083513
1 0 0 0 1 0 0 0 1 0 0 0 -1590.49953293291 -3409.50046706708
1 0 0 0 1 0 0 0 1 0 0 0 -1584.04267749833 -3415.95732250166
1 0 0 0 1 0 0 0 1 0 0 0 -1579.69890209968 -3420.30109790031
1 0 0 0 1 0 0 0 1 0 0 0 -1578.10230418158 -3421.89769581841
1 0 0 0 1 0 0 0 1 0 0 0 -1579.88499736324 -3420.11500263675
1 0 0 0 1 0 0 0 1 0 0 0 -1587.1174405295 -3412.88255947049
1 0 0 0 1 0 0 0 1 0 0 0 -1585.71127274838 -3414.28872725161
1 0 0 0 1 0 0 0 1 0 0 0 -1581.12457559201 -3418.87542440798
1 0 0 0 1 0 0 0 1 0 0 0 -1576.48729363059 -3423.5127063694
1 0 0 0 1 0 0 0 1 0 0 0 -1574.41384825396 -3425.58615174603
1 0 0 0 1 0 0 0 1 0 0 0 -1576.11558616129 -3423.8844138387
1 0 0 0 1 0 0 0 1 0 0 0 -1576.49786872587 -3423.50213127412
1 0 0 0 1 0 0 0 1 0 0 0 -1586.63794017343 -3413.36205982656
1 0 0 0 1 0 0 0 1 0 0 0 -1589.59318484299 -3410.406815157
1 0 0 0 1 0 0 0 1 0 0 0 -1591.90388243244 -3408.09611756755
1 0 0 0 1 0 0 0 1 0 0 0 -1590.94433997287 -3409.05566002712
1 0 0 0 1 0 0 0 1 0 0 0 -1590.48636166925 -3409.51363833074
1 0 0 0 1 0 0 0 1 0 0 0 -1587.74855394465 -3412.25144605534
1 0 0 0 1 0 0 0 1 0 0 0 -1587.87825964576 -3412.12174035423
1 0 0 0 1 0 0 0 1 0 0 0 -1595.54375450921 -3404.45624549078
1 0 0 0 1 0 0 0 1 0 0 0 -1604.88210727704 -3395.11789272295
1 0 0 0 1 0 0 0 1 0 0 0 -1609.24407513957 -3390.75592486042
1 0 0 0 1 0 0 0 1 0 0 0 -1611.22147919301 -3388.77852080699
1 0 0 0 1 0 0 0 1 0 0 0 -1607.65389834723 -3392.34610165276
1 0 0 0 1 0 0 0 1 0 0 0 -1607.33475711071 -3392.66524288928
1 0 0 0 1 0 0 0 1 0 0 0 -1603.22295316606 -3396.77704683393
1 0 0 0 1 0 0 0 1 0 0 0 -1605.64708064612 -3394.35291935387
1 0 0 0 1 0 0 0 1 0 0 0 -1608.45296438791 -3391.54703561208
1 0 0 0 1 0 0 0 1 0 0 0 -1613.35862374186 -3386.64137625813
1 0 0 0 1 0 0 0 1 0 0 0 -1620.93835013797 -3379.06164986202
1 0 0 0 1 0 0 0 1 0 0 0 -1623.63444369537 -3376.36555630462
1 0 0 0 1 0 0 0 1 0 0 0 -1631.61765170357 -3368.38234829642
1 0 0 0 1 0 0 0 1 0 0 0 -1632.75350162397 -3367.24649837602
1 0 0 0 1 0 0 0 1 0 0 0 -1634.52809378027 -3365.47190621973
1 0 0 0 1 0 0 0 1 0 0 0 -1639.09635009102 -3360.90364990897
1 0 0 0 1 0 0 0 1 0 0 0 -1641.96589542374 -3358.03410457625
1 0 0 0 1 0 0 0 1 0 0 0 -1643.65583222877 -3356.34416777122
1 0 0 0 1 0 0 0 1 0 0 0 -1647.02781800603 -3352.97218199396
1 0 0 0 1 0 0 0 1 0 0 0 -1649.49462857295 -3350.50537142704
1 0 0 0 1 0 0 0 1 0 0 0 -1651.387996864 -3348.61200313599
1 0 0 0 1 0 0 0 1 0 0 0 -1653.91590786953 -3346.08409213046
1 0 0 0 1 0 0 0 1 0 0 0 -1655.33553721978 -3344.66446278021
1 0 0 0 1 0 0 0 1 0 0 0 -1658.49378191191 -3341.50621808808
1 0 0 0 1 0 0 0 1 0 0 0 -1659.46760904134 -3340.53239095865
1 0 0 0 1 0 0 0 1 0 0 0 -1663.71680012083 -3336.28319987916
1 0 0 0 1 0 0 0 1 0 0 0 -1665.15866015945 -3334.84133984054
1 0 0 0 1 0 0 0 1 0 0 0 -1666.68259180829 -3333.3174081917
1 0 0 0 1 0 0 0 1 0 0 0 -1666.72540805105 -3333.27459194894
1 0 0 0 1 0 0 0 1 0 0 0 -1665.62015926201 -3334.37984073798
1 0 0 0 1 0 0 0 1 0 0 0 -1665.10766256562 -3334.89233743437
1 0 0 0 1 0 0 0 1 0 0 0 -1663.2033014937 -3336.79669850629
1 0 0 0 1 0 0 0 1 0 0 0 -1662.74780891441 -3337.25219108559
1 0 0 0 1 0 0 0 1 0 0 0 -1664.08550496304 -3335.91449503695
1 0 0 0 1 0 0 0 1 0 0 0 -1664.58516519439 -3335.4148348056
1 0 0 0 1 0 0 0 1 0 0 0 -1662.02169144794 -3337.97830855206
1 0 0 0 1 0 0 0 1 0 0 0 -1659.80304218452 -3340.19695781547
1 0 0 0 1 0 0 0 1 0 0 0 -1658.93257888214 -3341.06742111785
1 0 0 0 1 0 0 0 1 0 0 0 -1658.97074882405 -3341.02925117594
1 0 0 0 1 0 0 0 1 0 0 0 -1658.4348120083 -3341.56518799169
1 0 0 0 1 0 0 0 1 0 0 0 -1656.96087444428 -3343.03912555571
1 0 0 0 1 0 0 0 1 0 0 0 -1656.41946564043 -3343.58053435956
1 0 0 0 1 0 0 0 1 0 0 0 -1655.71730229176 -3344.28269770823
1 0 0 0 1 0 0 0 1 0 0 0 -1655.98985148583 -3344.01014851416
1 0 0 0 1 0 0 0 1 0 0 0 -1655.74568006706 -3344.25431993294
1 0 0 0 1 0 0 0 1 0 0 0 -1654.98165309883 -3345.01834690116
1 0 0 0 1 0 0 0 1 0 0 0 -1656.60973782752 -3343.39026217247
1 0 0 0 1 0 0 0 1 0 0 0 -1657.18860908279 -3342.8113909172
1 0 0 0 1 0 0 0 1 0 0 0 -1656.13770651473 -3343.86229348526
1 0 0 0 1 0 0 0 1 0 0 0 -1655.46139199612 -3344.53860800387
1 0 0 0 1 0 0 0 1 0 0 0 -1655.84984056418 -3344.15015943581
1 0 0 0 1 0 0 0 1 0 0 0 -1654.99585045216 -3345.00414954783
1 0 0 0 1 0 0 0 1 0 0 0 -1656.8696776894 -3343.13032231059
1 0 0 0 1 0 0 0 1 0 0 0 -1656.49944133265 -3343.50055866734
1 0 0 0 1 0 0 0 1 0 0 0 -1657.62238193146 -3342.37761806853
1 0 0 0 1 0 0 0 1 0 0 0 -1658.83184382732 -3341.16815617267
1 0 0 0 1 0 0 0 1 0 0 0 -1659.72469046977 -3340.27530953022
1 0 0 0 1 0 0 0 1 0 0 0 -1658.68737979679 -3341.3126202032
1 0 0 0 1 0 0 0 1 0 0 0 -1659.71785986519 -3340.2821401348
1 0 0 0 1 0 0 0 1 0 0 0 -1659.98243647233 -3340.01756352766
1 0 0 0 1 0 0 0 1 0 0 0 -1661.43602422693 -3338.56397577306
1 0 0 0 1 0 0 0 1 0 0 0 -1663.69879750263 -3336.30120249736
1 0 0 0 1 0 0 0 1 0 0 0 -1663.06634840983 -3336.93365159016
1 0 0 0 1 0 0 0 1 0 0 0 -1663.99762396103 -3336.00237603896
1 0 0 0 1 0 0 0 1 0 0 0 -1663.27297461915 -3336.72702538084
1 0 0 0 1 0 0 0 1 0 0 0 -1661.96580658473 -3338.03419341526
1 0 0 0 1 0 0 0 1 0 0 0 -1661.39425835532 -3338.60574164467
1 0 0 0 1 0 0 0 1 0 0 0 -1661.60906208283 -3338.39093791716
1 0 0 0 1 0 0 0 1 0 0 0 -1661.40105487977 -3338.59894512022
1 0 0 0 1 0 0 0 1 0 0 0 -1660.10251917238 -3339.89748082761
1 0 0 0 1 0 0 0 1 0 0 0 -1660.64728084067 -3339.35271915932
1 0 0 0 1 0 0 0 1 0 0 0 -1660.42514719848 -3339.57485280151
1 0 0 0 1 0 0 0 1 0 0 0 -1661.4016599273 -3338.59834007269
1 0 0 0 1 0 0 0 1 0 0 0 -1660.91786500213 -3339.08213499786
1 0 0 0 1 0 0 0 1 0 0 0 -1660.5710807451 -3339.42891925489
1 0 0 0 1 0 0 0 1 0 0 0 -1659.97234297573 -3340.02765702426
1 0 0 0 1 0 0 0 1 0 0 0 -1658.94027173689 -3341.0597282631
1 0 0 0 1 0 0 0 1 0 0 0 -1661.17063034394 -3338.82936965605
1 0 0 0 1 0 0 0 1 0 0 0 -1658.70793703047 -3341.29206296952
1 0 0 0 1 0 0 0 1 0 0 0 -1660.01911333853 -3339.98088666146
1 0 0 0 1 0 0 0 1 0 0 0 -1661.11833166499 -3338.881668335
1 0 0 0 1 0 0 0 1 0 0 0 -1661.06463301591 -3338.93536698408
1 0 0 0 1 0 0 0 1 0 0 0 -1660.40710971356 -3339.59289028643
1 0 0 0 1 0 0 0 1 0 0 0 -1660.67114921543 -3339.32885078456
1 0 0 0 1 0 0 0 1 0 0 0 -1661.75488940803 -3338.24511059196
1 0 0 0 1 0 0 0 1 0 0 0 -1660.63704055115 -3339.36295944884
1 0 0 0 1 0 0 0 1 0 0 0 -1662.30760377076 -3337.69239622923
1 0 0 0 1 0 0 0 1 0 0 0 -1661.72800286745 -3338.27199713254
1 0 0 0 1 0 0 0 1 0 0 0 -1661.94542317611 -3338.05457682388
1 0 0 0 1 0 0 0 1 0 0 0 -1661.58592748875 -3338.41407251124
1 0 0 0 1 0 0 0 1 0 0 0 -1661.8107672119 -3338.18923278809
1 0 0 0 1 0 0 0 1 0 0 0 -1662.44538494831 -3337.55461505168
1 0 0 0 1 0 0 0 1 0 0 0 -1662.59119343426 -3337.40880656573
1 0 0 0 1 0 0 0 1 0 0 0 -1662.62912655763 -3337.37087344236
1 0 0 0 1 0 0 0 1 0 0 0 -1661.98498100338 -3338.01501899661
1 0 0 0 1 0 0 0 1 0 0 0 -1663.60114145844 -3336.39885854155
1 0 0 0 1 0 0 0 1 0 0 0 -1664.06349643993 -3335.93650356006
1 0 0 0 1 0 0 0 1 0 0 0 -1664.08280001352 -3335.91719998647
1 0 0 0 1 0 0 0 1 0 0 0 -1664.52708132538 -3335.47291867461
1 0 0 0 1 0 0 0 1 0 0 0 -1664.01282136119 -3335.9871786388
1 0 0 0 1 0 0 0 1 0 0 0 -1662.85667316736 -3337.14332683263
1 0 0 0 1 0 0 0 1 0 0 0 -1662.84206633394 -3337.15793366605
1 0 0 0 1 0 0 0 1 0 0 0 -1663.52059885118 -3336.47940114881
1 0 0 0 1 0 0 0 1 0 0 0 -1663.3112283498 -3336.68877165019
1 0 0 0 1 0 0 0 1 0 0 0 -1664.53055529341 -3335.46944470658
1 0 0 0 1 0 0 0 1 0 0 0 -1664.62729360675 -3335.37270639324
1 0 0 0 1 0 0 0 1 0 0 0 -1665.46034004479 -3334.5396599552
1 0 0 0 1 0 0 0 1 0 0 0 -1665.89411616493 -3334.10588383506
1 0 0 0 1 0 0 0 1 0 0 0 -1664.39265571498 -3335.60734428501
1 0 0 0 1 0 0 0 1 0 0 0 -1666.18580502686 -3333.81419497313
1 0 0 0 1 0 0 0 1 0 0 0 -1666.04112935794 -3333.95887064205
1 0 0 0 1 0 0 0 1 0 0 0 -1665.31861900696 -3334.68138099303
1 0 0 0 1 0 0 0 1 0 0 0 -1665.88147583 -3334.11852416999
1 0 0 0 1 0 0 0 1 0 0 0 -1663.30309541775 -3336.69690458224
1 0 0 0 1 0 0 0 1 0 0 0 -1662.22512964873 -3337.77487035126
1 0 0 0 1 0 0 0 1 0 0 0 -1662.58957418867 -3337.41042581132
1 0 0 0 1 0 0 0 1 0 0 0 -1661.76161200255 -3338.23838799744
1 0 0 0 1 0 0 0 1 0 0 0 -1661.1340684892 -3338.86593151079
1 0 0 0 1 0 0 0 1 0 0 0 -1662.20723847558 -3337.79276152441
1 0 0 0 1 0 0 0 1 0 0 0 -1660.64638386067 -3339.35361613932
1 0 0 0 1 0 0 0 1 0 0 0 -1660.23587923644 -3339.76412076355
1 0 0 0 1 0 0 0 1 0 0 0 -1658.74340618633 -3341.25659381366
1 0 0 0 1 0 0 0 1 0 0 0 -1657.88965802212 -3342.11034197787
1 0 0 0 1 0 0 0 1 0 0 0 -1658.11237609782 -3341.88762390217
1 0 0 0 1 0 0 0 1 0 0 0 -1658.0314898638 -3341.96851013619
1 0 0 0 1 0 0 0 1 0 0 0 -1659.70714589451 -3340.29285410548
1 0 0 0 1 0 0 0 1 0 0 0 -1659.19803268973 -3340.80196731026
1 0 0 0 1 0 0 0 1 0 0 0 -1659.22179536376 -3340.77820463624
1 0 0 0 1 0 0 0 1 0 0 0 -1656.87682009047 -3343.12317990952
1 0 0 0 1 0 0 0 1 0 0 0 -1661.77535140073 -3338.22464859926
1 0 0 0 1 0 0 0 1 0 0 0 -1666.77907196294 -3333.22092803705
1 0 0 0 1 0 0 0 1 0 0 0 -1670.30962320212 -3329.69037679787
1 0 0 0 1 0 0 0 1 0 0 0 -1673.18675834587 -3326.81324165412
1 0 0 0 1 0 0 0 1 0 0 0 -1676.97970497699 -3323.020295023
1 0 0 0 1 0 0 0 1 0 0 0 -1685.21310359074 -3314.78689640926
1 0 0 0 1 0 0 0 1 0 0 0 -1679.90337777171 -3320.09662222828
1 0 0 0 1 0 0 0 1 0 0 0 -1573.05735480139 -3226.9426451986
1 0 0 0 1 0 0 0 1 0 0 0 -1568.69565372033 -3231.30434627966
1 0 0 0 1 0 0 0 1 0 0 0 -1568.5080140549 -3231.49198594509
1 0 0 0 1 0 0 0 1 0 0 0 -1568.33177021218 -3231.66822978781
1 0 0 0 1 0 0 0 1 0 0 0 -1564.21350170774 -3235.78649829225
1 0 0 0 1 0 0 0 1 0 0 0 -1547.65109639812 -3252.34890360187
1 0 0 0 1 0 0 0 1 0 0 0 -1404.97265636728 -3195.02734363271
1 0 0 0 1 0 0 0 1 0 0 0 -1376.60991684642 -3223.39008315357
1 0 0 0 1 0 0 0 1 0 0 0 -1373.75981840847 -3226.24018159152
1 0 0 0 1 0 0 0 1 0 0 0 -1387.7393276971 -3212.26067230289
1 0 0 0 1 0 0 0 1 0 0 0 -1412.94396214018 -3187.05603785981
1 0 0 0 1 0 0 0 1 0 0 0 -1547.75994423904 -3252.24005576095
1 0 0 0 1 0 0 0 1 0 0 0 -1569.42332071461 -3230.57667928538
1 0 0 0 1 0 0 0 1 0 0 0 -1573.24875731861 -3226.75124268138
1 0 0 0 1 0 0 0 1 0 0 0 -1553.89866380508 -3246.10133619491
1 0 0 0 1 0 0 0 1 0 0 0 -1528.56937663724 -3271.43062336275
1 0 0 0 1 0 0 0 1 0 0 0 -1418.70169773539 -3181.2983022646
1 0 0 0 1 0 0 0 1 0 0 0 -1418.02345398406 -3181.97654601593
1 0 0 0 1 0 0 0 1 0 0 0 -1423.83995156936 -3176.16004843063
1 0 0 0 1 0 0 0 1 0 0 0 -1535.86256434369 -3264.1374356563
1 0 0 0 1 0 0 0 1 0 0 0 -1427.92668474951 -3172.07331525048
1 0 0 0 1 0 0 0 1 0 0 0 -1398.06905688746 -3201.93094311253
1 0 0 0 1 0 0 0 1 0 0 0 -1385.62458820723 -3214.37541179277
1 0 0 0 1 0 0 0 1 0 0 0 -1514.84352761061 -3285.15647238938
1 0 0 0 1 0 0 0 1 0 0 0 -1555.72399536801 -3244.27600463198
1 0 0 0 1 0 0 0 1 0 0 0 -1579.20599074526 -3220.79400925473
1 0 0 0 1 0 0 0 1 0 0 0 -1590.02921115596 -3209.97078884403
1 0 0 0 1 0 0 0 1 0 0 0 -1585.17107432791 -3214.82892567208
1 0 0 0 1 0 0 0 1 0 0 0 -1684.68367829482 -3315.31632170517
1 0 0 0 1 0 0 0 1 0 0 0 -1686.39943326738 -3313.60056673261
1 0 0 0 1 0 0 0 1 0 0 0 -1688.621484476 -3311.37851552399
1 0 0 0 1 0 0 0 1 0 0 0 -1688.33081984895 -3311.66918015104
1 0 0 0 1 0 0 0 1 0 0 0 -1673.97391321843 -3326.02608678156
1 0 0 0 1 0 0 0 1 0 0 0 -1666.91721066748 -3333.08278933251
1 0 0 0 1 0 0 0 1 0 0 0 -1670.4411566805 -3329.55884331949
1 0 0 0 1 0 0 0 1 0 0 0 -1674.21457323195 -3325.78542676805
1 0 0 0 1 0 0 0 1 0 0 0 -1756.01194047148 -3443.98805952851
1 0 0 0 1 0 0 0 1 0 0 0 -1527.73084045713 -3272.26915954286
1 0 0 0 1 0 0 0 1 0 0 0 -1509.31968405999 -3290.68031594
1 0 0 0 1 0 0 0 1 0 0 0 -1522.50988783168 -3277.49011216831
1 0 0 0 1 0 0 0 1 0 0 0 -1652.55044952576 -3347.44955047423
1 0 0 0 1 0 0 0 1 0 0 0 -1758.07896541116 -3441.92103458883
1 0 0 0 1 0 0 0 1 0 0 0 -1751.58822757845 -3448.41177242154
1 0 0 0 1 0 0 0 1 0 0 0 -1734.31912914482 -3465.68087085517
1 0 0 0 1 0 0 0 1 0 0 0 -1721.12626156653 -3478.87373843346
1 0 0 0 1 0 0 0 1 0 0 0 -1525.14515048736 -3274.85484951263
1 0 0 0 1 0 0 0 1 0 0 0 -1514.34598800382 -3285.65401199617
1 0 0 0 1 0 0 0 1 0 0 0 -1519.8241561958 -3280.17584380419
1 0 0 0 1 0 0 0 1 0 0 0 -1519.12630757633 -3280.87369242366
1 0 0 0 1 0 0 0 1 0 0 0 -1530.89316853846 -3269.10683146153
1 0 0 0 1 0 0 0 1 0 0 0 -1546.1234018907 -3253.87659810929
1 0 0 0 1 0 0 0 1 0 0 0 -1665.2962576445 -3334.70374235549
1 0 0 0 1 0 0 0 1 0 0 0 -1658.35230743484 -3341.64769256515
1 0 0 0 1 0 0 0 1 0 0 0 -1648.51993471414 -3351.48006528585
1 0 0 0 1 0 0 0 1 0 0 0 -1537.37115467951 -3262.62884532048
1 0 0 0 1 0 0 0 1 0 0 0 -1536.17603314475 -3263.82396685524
1 0 0 0 1 0 0 0 1 0 0 0 -1541.3467780831 -3258.65322191689
1 0 0 0 1 0 0 0 1 0 0 0 -1537.76795375901 -3262.23204624098
1 0 0 0 1 0 0 0 1 0 0 0 -1537.57368066219 -3262.4263193378
1 0 0 0 1 0 0 0 1 0 0 0 -1519.61963903389 -3280.3803609661
1 0 0 0 1 0 0 0 1 0 0 0 -1506.66997049707 -3293.33002950292
1 0 0 0 1 0 0 0 1 0 0 0 -1507.92762793702 -3292.07237206297
1 0 0 0 1 0 0 0 1 0 0 0 -1491.59779504801 -3308.40220495198
1 0 0 0 1 0 0 0 1 0 0 0 -1481.07408684001 -3318.92591315998
1 0 0 0 1 0 0 0 1 0 0 0 -1463.31351646769 -3336.6864835323
1 0 0 0 1 0 0 0 1 0 0 0 -1343.79146888209 -3256.2085311179
1 0 0 0 1 0 0 0 1 0 0 0 -1257.92762698444 -3142.07237301556
1 0 0 0 1 0 0 0 1 0 0 0 -1393.90749979099 -3206.092500209
1 0 0 0 1 0 0 0 1 0 0 0 -1404.11462925118 -3195.88537074881
1 0 0 0 1 0 0 0 1 0 0 0 -1390.65815659282 -3209.34184340717
1 0 0 0 1 0 0 0 1 0 0 0 -1378.70208645387 -3221.29791354612
1 0 0 0 1 0 0 0 1 0 0 0 -1391.50956452073 -3208.49043547926
1 0 0 0 1 0 0 0 1 0 0 0 -1394.50769476644 -3205.49230523355
1 0 0 0 1 0 0 0 1 0 0 0 -1411.88804074178 -3188.11195925821
1 0 0 0 1 0 0 0 1 0 0 0 -1409.81521719954 -3190.18478280045
1 0 0 0 1 0 0 0 1 0 0 0 -1391.77226073568 -3208.22773926431
1 0 0 0 1 0 0 0 1 0 0 0 -1382.95418501332 -3217.04581498667
1 0 0 0 1 0 0 0 1 0 0 0 -1260.22749968152 -3139.77250031847
1 0 0 0 1 0 0 0 1 0 0 0 -1256.17216396696 -3143.82783603303
1 0 0 0 1 0 0 0 1 0 0 0 -1274.04295939643 -3125.95704060356
1 0 0 0 1 0 0 0 1 0 0 0 -1390.53629618411 -3209.46370381588
1 0 0 0 1 0 0 0 1 0 0 0 -1394.48789163743 -3205.51210836256
1 0 0 0 1 0 0 0 1 0 0 0 -1391.57169633675 -3208.42830366324
1 0 0 0 1 0 0 0 1 0 0 0 -1393.16179934665 -3206.83820065334
1 0 0 0 1 0 0 0 1 0 0 0 -1401.98579873685 -3198.01420126314
1 0 0 0 1 0 0 0 1 0 0 0 -1402.02761451994 -3197.97238548005
1 0 0 0 1 0 0 0 1 0 0 0 -1396.90616865075 -3203.09383134924
1 0 0 0 1 0 0 0 1 0 0 0 -1386.72361540476 -3213.27638459523
1 0 0 0 1 0 0 0 1 0 0 0 -1375.22271740361 -3224.77728259638
1 0 0 0 1 0 0 0 1 0 0 0 -1369.81618170569 -3230.1838182943
1 0 0 0 1 0 0 0 1 0 0 0 -1359.83832537051 -3240.16167462948
1 0 0 0 1 0 0 0 1 0 0 0 -1350.72292058466 -3249.27707941533
1 0 0 0 1 0 0 0 1 0 0 0 -1349.63001884215 -3250.36998115784
1 0 0 0 1 0 0 0 1 0 0 0 -1343.07568229076 -3256.92431770923
1 0 0 0 1 0 0 0 1 0 0 0 -1337.9362392072 -3262.06376079279
1 0 0 0 1 0 0 0 1 0 0 0 -1343.35789499808 -3256.64210500191
1 0 0 0 1 0 0 0 1 0 0 0 -1349.21875459104 -3250.78124540895
1 0 0 0 1 0 0 0 1 0 0 0 -1462.96484623867 -3337.03515376132
1 0 0 0 1 0 0 0 1 0 0 0 -1574.28874992618 -3425.71125007382
1 0 0 0 1 0 0 0 1 0 0 0 -1519.46549618352 -3480.53450381647
1 0 0 0 1 0 0 0 1 0 0 0 -1498.48836934656 -3501.51163065343
1 0 0 0 1 0 0 0 1 0 0 0 -1509.9882829614 -3490.01171703859
1 0 0 0 1 0 0 0 1 0 0 0 -1591.32686904333 -3408.67313095666
1 0 0 0 1 0 0 0 1 0 0 0 -1803.99687229382 -3596.00312770617
1 0 0 0 1 0 0 0 1 0 0 0 -1784.4287915144 -3615.57120848559
1 0 0 0 1 0 0 0 1 0 0 0 -1673.66122144507 -3526.33877855492
1 0 0 0 1 0 0 0 1 0 0 0 -1591.4147734147 -3608.58522658529
1 0 0 0 1 0 0 0 1 0 0 0 -1614.90298054771 -3585.09701945228
1 0 0 0 1 0 0 0 1 0 0 0 -1892.19681003565 -3707.80318996434
1 0 0 0 1 0 0 0 1 0 0 0 -1791.54329958376 -3608.45670041623
1 0 0 0 1 0 0 0 1 0 0 0 -1789.26347013262 -3610.73652986737
1 0 0 0 1 0 0 0 1 0 0 0 -1814.68433259304 -3585.31566740695
1 0 0 0 1 0 0 0 1 0 0 0 -1826.27883121803 -3573.72116878196
1 0 0 0 1 0 0 0 1 0 0 0 -1689.42429605384 -3510.57570394615
1 0 0 0 1 0 0 0 1 0 0 0 -1640.92311098179 -3559.0768890182
1 0 0 0 1 0 0 0 1 0 0 0 -1543.33339994532 -3456.66660005467
1 0 0 0 1 0 0 0 1 0 0 0 -1590.90748204018 -3409.09251795981
1 0 0 0 1 0 0 0 1 0 0 0 -1631.63362699339 -3368.3663730066
1 0 0 0 1 0 0 0 1 0 0 0 -1643.55013998284 -3356.44986001715
1 0 0 0 1 0 0 0 1 0 0 0 -1731.87372677524 -3468.12627322475
1 0 0 0 1 0 0 0 1 0 0 0 -1728.06632324862 -3471.93367675137
1 0 0 0 1 0 0 0 1 0 0 0 -1639.82379893122 -3360.17620106877
1 0 0 0 1 0 0 0 1 0 0 0 -1656.05113715682 -3343.94886284317
1 0 0 0 1 0 0 0 1 0 0 0 -1661.07055035833 -3338.92944964166
1 0 0 0 1 0 0 0 1 0 0 0 -1662.84047650832 -3337.15952349167
1 0 0 0 1 0 0 0 1 0 0 0 -1670.04301773719 -3329.9569822628
1 0 0 0 1 0 0 0 1 0 0 0 -1671.32167746194 -3328.67832253805
1 0 0 0 1 0 0 0 1 0 0 0 -1674.39051957947 -3325.60948042052
1 0 0 0 1 0 0 0 1 0 0 0 -1570.88084169662 -3229.11915830337
1 0 0 0 1 0 0 0 1 0 0 0 -1562.88950041237 -3237.11049958762
1 0 0 0 1 0 0 0 1 0 0 0 -1558.54322444739 -3241.45677555261
1 0 0 0 1 0 0 0 1 0 0 0 -1565.03388152089 -3234.9661184791
1 0 0 0 1 0 0 0 1 0 0 0 -1578.16215187805 -3221.83784812194
1 0 0 0 1 0 0 0 1 0 0 0 -1564.25744157297 -3235.74255842702
1 0 0 0 1 0 0 0 1 0 0 0 -1444.08624927562 -3155.91375072437
1 0 0 0 1 0 0 0 1 0 0 0 -1454.11518669109 -3145.8848133089
1 0 0 0 1 0 0 0 1 0 0 0 -1464.72313758063 -3135.27686241936
1 0 0 0 1 0 0 0 1 0 0 0 -1576.04330871782 -3223.95669128217
1 0 0 0 1 0 0 0 1 0 0 0 -1678.26044642948 -3321.73955357051
1 0 0 0 1 0 0 0 1 0 0 0 -1468.1850048666 -3131.81499513339
1 0 0 0 1 0 0 0 1 0 0 0 -1456.1357120806 -3143.86428791939
1 0 0 0 1 0 0 0 1 0 0 0 -1468.22487881532 -3131.77512118467
1 0 0 0 1 0 0 0 1 0 0 0 -1483.99715823972 -3116.00284176027
1 0 0 0 1 0 0 0 1 0 0 0 -1491.1886493413 -3108.81135065869
1 0 0 0 1 0 0 0 1 0 0 0 -1492.33358435695 -3107.66641564304
1 0 0 0 1 0 0 0 1 0 0 0 -1478.8341817128 -3121.16581828719
1 0 0 0 1 0 0 0 1 0 0 0 -1463.89268085651 -3136.10731914348
1 0 0 0 1 0 0 0 1 0 0 0 -1450.21209037044 -3149.78790962955
1 0 0 0 1 0 0 0 1 0 0 0 -1450.92691376833 -3149.07308623166
1 0 0 0 1 0 0 0 1 0 0 0 -1456.55232897707 -3143.44767102292
1 0 0 0 1 0 0 0 1 0 0 0 -1455.2737808119 -3144.72621918809
1 0 0 0 1 0 0 0 1 0 0 0 -1445.02534634711 -3154.97465365288
1 0 0 0 1 0 0 0 1 0 0 0 -1450.6463335872 -3149.35366641279
1 0 0 0 1 0 0 0 1 0 0 0 -1446.70660099228 -3153.29339900771
1 0 0 0 1 0 0 0 1 0 0 0 -1440.65170032868 -3159.34829967131
1 0 0 0 1 0 0 0 1 0 0 0 -1441.47854622357 -3158.52145377642
1 0 0 0 1 0 0 0 1 0 0 0 -1446.07992243085 -3153.92007756914
1 0 0 0 1 0 0 0 1 0 0 0 -1452.59163036282 -3147.40836963717
1 0 0 0 1 0 0 0 1 0 0 0 -1459.48649878732 -3140.51350121267
1 0 0 0 1 0 0 0 1 0 0 0 -1563.58533797581 -3236.41466202418
1 0 0 0 1 0 0 0 1 0 0 0 -1458.12136158636 -3141.87863841363
1 0 0 0 1 0 0 0 1 0 0 0 -1464.84454447327 -3135.15545552672
1 0 0 0 1 0 0 0 1 0 0 0 -1471.73600781051 -3128.26399218948
1 0 0 0 1 0 0 0 1 0 0 0 -1472.47645098633 -3127.52354901366
1 0 0 0 1 0 0 0 1 0 0 0 -1475.82418901523 -3124.17581098476
1 0 0 0 1 0 0 0 1 0 0 0 -1467.4191733894 -3132.58082661059
1 0 0 0 1 0 0 0 1 0 0 0 -1467.36944864069 -3132.6305513593
1 0 0 0 1 0 0 0 1 0 0 0 -1470.71397573744 -3129.28602426256
1 0 0 0 1 0 0 0 1 0 0 0 -1471.86893855167 -3128.13106144832
1 0 0 0 1 0 0 0 1 0 0 0 -1471.98650309491 -3128.01349690508
1 0 0 0 1 0 0 0 1 0 0 0 -1465.7591233142 -3134.24087668579
1 0 0 0 1 0 0 0 1 0 0 0 -1458.27194417082 -3141.72805582917
1 0 0 0 1 0 0 0 1 0 0 0 -1446.80251173447 -3153.19748826552
1 0 0 0 1 0 0 0 1 0 0 0 -1445.49890885775 -3154.50109114224
1 0 0 0 1 0 0 0 1 0 0 0 -1321.00246476099 -3078.997535239
1 0 0 0 1 0 0 0 1 0 0 0 -1313.22448158816 -3086.77551841183
1 0 0 0 1 0 0 0 1 0 0 0 -1332.25447664197 -3067.74552335802
1 0 0 0 1 0 0 0 1 0 0 0 -1450.7197809861 -3149.28021901389
1 0 0 0 1 0 0 0 1 0 0 0 -1441.27391874709 -3158.7260812529
1 0 0 0 1 0 0 0 1 0 0 0 -1429.25542168467 -3170.74457831532
1 0 0 0 1 0 0 0 1 0 0 0 -1413.83580645526 -3186.16419354473
1 0 0 0 1 0 0 0 1 0 0 0 -1300.7286084778 -3099.27139152219
1 0 0 0 1 0 0 0 1 0 0 0 -1289.57022959584 -3110.42977040415
1 0 0 0 1 0 0 0 1 0 0 0 -1286.16491349138 -3113.83508650861
1 0 0 0 1 0 0 0 1 0 0 0 -1272.53944220255 -3127.46055779744
1 0 0 0 1 0 0 0 1 0 0 0 -1278.15987812 -3121.84012187999
1 0 0 0 1 0 0 0 1 0 0 0 -1277.81243180818 -3122.18756819181
1 0 0 0 1 0 0 0 1 0 0 0 -1278.17208665682 -3121.82791334317
1 0 0 0 1 0 0 0 1 0 0 0 -1288.29793329069 -3111.7020667093
1 0 0 0 1 0 0 0 1 0 0 0 -1398.67933023167 -3201.32066976832
1 0 0 0 1 0 0 0 1 0 0 0 -1398.23587844392 -3201.76412155607
1 0 0 0 1 0 0 0 1 0 0 0 -1397.65948294709 -3202.3405170529
1 0 0 0 1 0 0 0 1 0 0 0 -1393.58693126841 -3206.41306873158
1 0 0 0 1 0 0 0 1 0 0 0 -1285.11693280653 -3114.88306719346
1 0 0 0 1 0 0 0 1 0 0 0 -1273.74646906816 -3126.25353093183
1 0 0 0 1 0 0 0 1 0 0 0 -1267.44883719361 -3132.55116280638
1 0 0 0 1 0 0 0 1 0 0 0 -1265.74009376205 -3134.25990623794
1 0 0 0 1 0 0 0 1 0 0 0 -1264.56259495501 -3135.43740504498
1 0 0 0 1 0 0 0 1 0 0 0 -1261.97477718106 -3138.02522281893
1 0 0 0 1 0 0 0 1 0 0 0 -1260.61572071482 -3139.38427928517
1 0 0 0 1 0 0 0 1 0 0 0 -1260.20281939813 -3139.79718060186
1 0 0 0 1 0 0 0 1 0 0 0 -1258.11022059398 -3141.88977940601
1 0 0 0 1 0 0 0 1 0 0 0 -1255.54794111114 -3144.45205888885
1 0 0 0 1 0 0 0 1 0 0 0 -1248.10777168029 -3151.8922283197
1 0 0 0 1 0 0 0 1 0 0 0 -1239.88637458556 -3160.11362541443
1 0 0 0 1 0 0 0 1 0 0 0 -1235.67277112757 -3164.32722887242
1 0 0 0 1 0 0 0 1 0 0 0 -1231.89706622238 -3168.10293377761
1 0 0 0 1 0 0 0 1 0 0 0 -1232.29779749531 -3167.70220250468
1 0 0 0 1 0 0 0 1 0 0 0 -1228.59863208183 -3171.40136791816
1 0 0 0 1 0 0 0 1 0 0 0 -1220.70176770416 -3179.29823229583
1 0 0 0 1 0 0 0 1 0 0 0 -1216.34672233085 -3183.65327766914
1 0 0 0 1 0 0 0 1 0 0 0 -1212.05432805035 -3187.94567194964
1 0 0 0 1 0 0 0 1 0 0 0 -1213.5546966615 -3186.44530333849
1 0 0 0 1 0 0 0 1 0 0 0 -1208.63721024923 -3191.36278975076
1 0 0 0 1 0 0 0 1 0 0 0 -1215.16160027409 -3184.8383997259
1 0 0 0 1 0 0 0 1 0 0 0 -1220.33058194112 -3179.66941805887
1 0 0 0 1 0 0 0 1 0 0 0 -1224.87366936344 -3175.12633063655
1 0 0 0 1 0 0 0 1 0 0 0 -1223.2503257143 -3176.74967428569
1 0 0 0 1 0 0 0 1 0 0 0 -1228.64665803728 -3171.35334196271
1 0 0 0 1 0 0 0 1 0 0 0 -1227.83189465936 -3172.16810534063
1 0 0 0 1 0 0 0 1 0 0 0 -1228.61638713492 -3171.38361286507
1 0 0 0 1 0 0 0 1 0 0 0 -1229.56103603009 -3170.4389639699
1 0 0 0 1 0 0 0 1 0 0 0 -1230.5459827473 -3169.45401725269
1 0 0 0 1 0 0 0 1 0 0 0 -1229.71594697443 -3170.28405302556
1 0 0 0 1 0 0 0 1 0 0 0 -1228.24549551685 -3171.75450448314
1 0 0 0 1 0 0 0 1 0 0 0 -1225.5488114177 -3174.45118858229
1 0 0 0 1 0 0 0 1 0 0 0 -1222.19319858244 -3177.80680141755
1 0 0 0 1 0 0 0 1 0 0 0 -1221.01851353106 -3178.98148646893
1 0 0 0 1 0 0 0 1 0 0 0 -1219.60271537845 -3180.39728462154
1 0 0 0 1 0 0 0 1 0 0 0 -1223.69231880357 -3176.30768119642
1 0 0 0 1 0 0 0 1 0 0 0 -1225.76533901418 -3174.23466098581
1 0 0 0 1 0 0 0 1 0 0 0 -1229.45221082467 -3170.54778917532
1 0 0 0 1 0 0 0 1 0 0 0 -1233.26211684099 -3166.737883159
1 0 0 0 1 0 0 0 1 0 0 0 -1235.56138598137 -3164.43861401862
1 0 0 0 1 0 0 0 1 0 0 0 -1232.80557394099 -3167.194426059
1 0 0 0 1 0 0 0 1 0 0 0 -1233.23684408401 -3166.76315591598
1 0 0 0 1 0 0 0 1 0 0 0 -1233.60472762501 -3166.39527237498
1 0 0 0 1 0 0 0 1 0 0 0 -1237.51252896525 -3162.48747103474
1 0 0 0 1 0 0 0 1 0 0 0 -1238.37901886814 -3161.62098113185
1 0 0 0 1 0 0 0 1 0 0 0 -1240.54567543424 -3159.45432456575
1 0 0 0 1 0 0 0 1 0 0 0 -1239.18255486462 -3160.81744513537
1 0 0 0 1 0 0 0 1 0 0 0 -1240.66553668179 -3159.3344633182
1 0 0 0 1 0 0 0 1 0 0 0 -1238.48886373382 -3161.51113626616
1 0 0 0 1 0 0 0 1 0 0 0 -1240.96553242568 -3159.03446757431
1 0 0 0 1 0 0 0 1 0 0 0 -1239.855924327 -3160.14407567299
1 0 0 0 1 0 0 0 1 0 0 0 -1239.34422941269 -3160.6557705873
1 0 0 0 1 0 0 0 1 0 0 0 -1240.17886381634 -3159.82113618365
1 0 0 0 1 0 0 0 1 0 0 0 -1239.9075784237 -3160.09242157629
1 0 0 0 1 0 0 0 1 0 0 0 -1240.42194038498 -3159.57805961501
1 0 0 0 1 0 0 0 1 0 0 0 -1238.99304142299 -3161.006958577
1 0 0 0 1 0 0 0 1 0 0 0 -1238.92206423318 -3161.07793576681
1 0 0 0 1 0 0 0 1 0 0 0 -1239.80922945981 -3160.19077054018
1 0 0 0 1 0 0 0 1 0 0 0 -1237.43632155825 -3162.56367844174
1 0 0 0 1 0 0 0 1 0 0 0 -1239.32168752105 -3160.67831247894
1 0 0 0 1 0 0 0 1 0 0 0 -1242.31942807493 -3157.68057192506
1 0 0 0 1 0 0 0 1 0 0 0 -1244.3654711619 -3155.63452883809
1 0 0 0 1 0 0 0 1 0 0 0 -1247.46264500818 -3152.53735499181
1 0 0 0 1 0 0 0 1 0 0 0 -1244.18583403523 -3155.81416596476
1 0 0 0 1 0 0 0 1 0 0 0 -1242.70717832244 -3157.29282167755
1 0 0 0 1 0 0 0 1 0 0 0 -1243.77314791013 -3156.22685208986
1 0 0 0 1 0 0 0 1 0 0 0 -1246.4948857533 -3153.50511424669
1 0 0 0 1 0 0 0 1 0 0 0 -1247.81535812733 -3152.18464187266
1 0 0 0 1 0 0 0 1 0 0 0 -1247.46595624935 -3152.53404375064
1 0 0 0 1 0 0 0 1 0 0 0 -1247.81446255163 -3152.18553744836
1 0 0 0 1 0 0 0 1 0 0 0 -1246.64733218334 -3153.35266781665
1 0 0 0 1 0 0 0 1 0 0 0 -1242.89282090572 -3157.10717909427
1 0 0 0 1 0 0 0 1 0 0 0 -1240.58870792257 -3159.41129207742
1 0 0 0 1 0 0 0 1 0 0 0 -1230.44683294198 -3169.55316705801
1 0 0 0 1 0 0 0 1 0 0 0 -1220.96674213604 -3179.03325786394
1 0 0 0 1 0 0 0 1 0 0 0 -1212.96562012598 -3187.03437987401
1 0 0 0 1 0 0 0 1 0 0 0 -1208.21432165588 -3191.78567834411
1 0 0 0 1 0 0 0 1 0 0 0 -1202.74893823135 -3197.25106176865
1 0 0 0 1 0 0 0 1 0 0 0 -1199.13617643326 -3200.86382356673
1 0 0 0 1 0 0 0 1 0 0 0 -1192.27560608358 -3207.72439391641
1 0 0 0 1 0 0 0 1 0 0 0 -1199.89100757633 -3200.10899242366
1 0 0 0 1 0 0 0 1 0 0 0 -1207.83711653909 -3192.1628834609
1 0 0 0 1 0 0 0 1 0 0 0 -1209.04995806154 -3190.95004193845
1 0 0 0 1 0 0 0 1 0 0 0 -1212.72980850288 -3187.27019149711
1 0 0 0 1 0 0 0 1 0 0 0 -1214.21104992229 -3185.7889500777
1 0 0 0 1 0 0 0 1 0 0 0 -1214.79269887806 -3185.20730112193
1 0 0 0 1 0 0 0 1 0 0 0 -1214.99256970673 -3185.00743029326
1 0 0 0 1 0 0 0 1 0 0 0 -1218.94899258672 -3181.05100741327
1 0 0 0 1 0 0 0 1 0 0 0 -1229.80080067204 -3170.19919932795
1 0 0 0 1 0 0 0 1 0 0 0 -1229.92117982166 -3170.07882017833
1 0 0 0 1 0 0 0 1 0 0 0 -1223.1103343796 -3176.88966562039
1 0 0 0 1 0 0 0 1 0 0 0 -1219.13438885374 -3180.86561114625
1 0 0 0 1 0 0 0 1 0 0 0 -1212.71906105432 -3187.28093894567
1 0 0 0 1 0 0 0 1 0 0 0 -1106.45755847049 -3093.5424415295
1 0 0 0 1 0 0 0 1 0 0 0 -1105.61058972177 -3094.38941027822
1 0 0 0 1 0 0 0 1 0 0 0 -1101.14416191393 -3098.85583808606
1 0 0 0 1 0 0 0 1 0 0 0 -1093.0827061307 -3106.91729386929
1 0 0 0 1 0 0 0 1 0 0 0 -1083.95130020929 -3116.0486997907
1 0 0 0 1 0 0 0 1 0 0 0 -979.766244542293 -3020.2337554577
1 0 0 0 1 0 0 0 1 0 0 0 -993.29461910797 -3006.70538089203
1 0 0 0 1 0 0 0 1 0 0 0 -1119.52557772389 -3080.4744222761
1 0 0 0 1 0 0 0 1 0 0 0 -1440.9463890681 -3359.05361093189
1 0 0 0 1 0 0 0 1 0 0 0 -1461.88060361216 -3338.11939638783
1 0 0 0 1 0 0 0 1 0 0 0 -1480.46260034152 -3319.53739965847
1 0 0 0 1 0 0 0 1 0 0 0 -1503.07577025974 -3296.92422974025
1 0 0 0 1 0 0 0 1 0 0 0 -1504.90819520415 -3295.09180479584
1 0 0 0 1 0 0 0 1 0 0 0 -1493.12222548233 -3306.87777451766
1 0 0 0 1 0 0 0 1 0 0 0 -1478.65136514398 -3321.34863485601
1 0 0 0 1 0 0 0 1 0 0 0 -1472.28300821877 -3327.71699178122
1 0 0 0 1 0 0 0 1 0 0 0 -1385.00351936627 -3214.99648063372
1 0 0 0 1 0 0 0 1 0 0 0 -1548.74374671473 -3251.25625328526
1 0 0 0 1 0 0 0 1 0 0 0 -1704.66593166329 -3295.3340683367
1 0 0 0 1 0 0 0 1 0 0 0 -1666.58625660379 -3333.4137433962
1 0 0 0 1 0 0 0 1 0 0 0 -1652.74167861081 -3347.25832138918
1 0 0 0 1 0 0 0 1 0 0 0 -1660.40881676167 -3339.59118323832
1 0 0 0 1 0 0 0 1 0 0 0 -1676.50861235798 -3323.49138764201
1 0 0 0 1 0 0 0 1 0 0 0 -1684.96461538347 -3315.03538461652
1 0 0 0 1 0 0 0 1 0 0 0 -1684.18748689875 -3315.81251310125
1 0 0 0 1 0 0 0 1 0 0 0 -1678.11941563674 -3321.88058436325
1 0 0 0 1 0 0 0 1 0 0 0 -1685.32631061779 -3314.6736893822
1 0 0 0 1 0 0 0 1 0 0 0 -1698.9002060013 -3301.09979399869
1 0 0 0 1 0 0 0 1 0 0 0 -1673.94127865463 -3326.05872134536
1 0 0 0 1 0 0 0 1 0 0 0 -1629.97736818012 -3370.02263181987
1 0 0 0 1 0 0 0 1 0 0 0 -1508.96076611963 -3291.03923388036
1 0 0 0 1 0 0 0 1 0 0 0 -1617.60602276802 -3382.39397723197
1 0 0 0 1 0 0 0 1 0 0 0 -1644.34307329923 -3355.65692670076
1 0 0 0 1 0 0 0 1 0 0 0 -1592.55149762879 -3407.4485023712
1 0 0 0 1 0 0 0 1 0 0 0 -1441.35411836153 -3358.64588163846
1 0 0 0 1 0 0 0 1 0 0 0 -1303.80927060407 -3296.19072939592
1 0 0 0 1 0 0 0 1 0 0 0 -1292.59698617538 -3307.40301382461
1 0 0 0 1 0 0 0 1 0 0 0 -1308.35024127986 -3291.64975872013
1 0 0 0 1 0 0 0 1 0 0 0 -1221.05850666752 -3178.94149333247
1 0 0 0 1 0 0 0 1 0 0 0 -1238.4019845428 -3161.59801545719
1 0 0 0 1 0 0 0 1 0 0 0 -1317.71552130133 -3282.28447869866
1 0 0 0 1 0 0 0 1 0 0 0 -1259.78191138295 -3340.21808861704
1 0 0 0 1 0 0 0 1 0 0 0 -1085.16785509547 -3314.83214490452
1 0 0 0 1 0 0 0 1 0 0 0 -1049.48704632718 -3350.51295367281
1 0 0 0 1 0 0 0 1 0 0 0 -1156.64030585194 -3443.35969414805
1 0 0 0 1 0 0 0 1 0 0 0 -1164.94355901336 -3435.05644098663
1 0 0 0 1 0 0 0 1 0 0 0 -1132.45802201781 -3467.54197798218
1 0 0 0 1 0 0 0 1 0 0 0 -1089.44037131784 -3510.55962868215
1 0 0 0 1 0 0 0 1 0 0 0 -1452.42695069135 -3947.57304930864
1 0 0 0 1 0 0 0 1 0 0 0 -1447.14886974765 -3952.85113025234
1 0 0 0 1 0 0 0 1 0 0 0 -1444.24530295296 -3955.75469704703
1 0 0 0 1 0 0 0 1 0 0 0 -1439.06065901938 -3960.93934098061
1 0 0 0 1 0 0 0 1 0 0 0 -1340.1461861334 -3859.85381386659
1 0 0 0 1 0 0 0 1 0 0 0 -1333.91348324298 -3866.08651675701
1 0 0 0 1 0 0 0 1 0 0 0 -1309.36899177387 -3890.63100822612
1 0 0 0 1 0 0 0 1 0 0 0 -1290.73994093082 -3909.26005906917
1 0 0 0 1 0 0 0 1 0 0 0 -1281.96102371818 -3918.03897628181
1 0 0 0 1 0 0 0 1 0 0 0 -1277.19905695563 -3922.80094304436
1 0 0 0 1 0 0 0 1 0 0 0 -1279.73081850223 -3920.26918149776
1 0 0 0 1 0 0 0 1 0 0 0 -1296.90100314441 -3903.09899685558
1 0 0 0 1 0 0 0 1 0 0 0 -1306.15885678924 -3893.84114321075
1 0 0 0 1 0 0 0 1 0 0 0 -1284.61960160055 -3915.38039839944
1 0 0 0 1 0 0 0 1 0 0 0 -1267.02932035912 -3932.97067964087
1 0 0 0 1 0 0 0 1 0 0 0 -1271.78607191424 -3928.21392808575
1 0 0 0 1 0 0 0 1 0 0 0 -1278.22361538327 -3921.77638461672
1 0 0 0 1 0 0 0 1 0 0 0 -1288.84994474982 -3911.15005525017
1 0 0 0 1 0 0 0 1 0 0 0 -1296.53071145277 -3903.46928854722
1 0 0 0 1 0 0 0 1 0 0 0 -1289.39295176645 -3910.60704823354
1 0 0 0 1 0 0 0 1 0 0 0 -1276.66919892841 -3923.33080107158
1 0 0 0 1 0 0 0 1 0 0 0 -1268.86391032355 -3931.13608967644
1 0 0 0 1 0 0 0 1 0 0 0 -1275.80681960673 -3924.19318039326
1 0 0 0 1 0 0 0 1 0 0 0 -1290.76623722677 -3909.23376277322
1 0 0 0 1 0 0 0 1 0 0 0 -1203.58848715795 -3796.41151284204
1 0 0 0 1 0 0 0 1 0 0 0 -1212.89597516294 -3787.10402483705
1 0 0 0 1 0 0 0 1 0 0 0 -1204.51783357643 -3795.48216642357
1 0 0 0 1 0 0 0 1 0 0 0 -1192.71435430789 -3807.2856456921
1 0 0 0 1 0 0 0 1 0 0 0 -1193.42083547441 -3806.57916452558
1 0 0 0 1 0 0 0 1 0 0 0 -1195.97558761746 -3804.02441238253
1 0 0 0 1 0 0 0 1 0 0 0 -1290.92643116085 -3909.07356883914
1 0 0 0 1 0 0 0 1 0 0 0 -1286.143420703 -3913.85657929699
1 0 0 0 1 0 0 0 1 0 0 0 -1200.59568074225 -3799.40431925774
1 0 0 0 1 0 0 0 1 0 0 0 -1224.20957440814 -3775.79042559185
1 0 0 0 1 0 0 0 1 0 0 0 -1244.94771906524 -3755.05228093475
1 0 0 0 1 0 0 0 1 0 0 0 -1255.71260439748 -3744.28739560251
1 0 0 0 1 0 0 0 1 0 0 0 -1277.16852673778 -3722.83147326221
1 0 0 0 1 0 0 0 1 0 0 0 -1302.75296963067 -3697.24703036932
1 0 0 0 1 0 0 0 1 0 0 0 -1292.15405018735 -3707.84594981264
1 0 0 0 1 0 0 0 1 0 0 0 -1301.6247906263 -3698.37520937369
1 0 0 0 1 0 0 0 1 0 0 0 -1340.03246261007 -3659.96753738992
1 0 0 0 1 0 0 0 1 0 0 0 -1361.1590412489 -3638.84095875109
1 0 0 0 1 0 0 0 1 0 0 0 -1370.30864398749 -3629.6913560125
1 0 0 0 1 0 0 0 1 0 0 0 -1383.09584194633 -3616.90415805366
1 0 0 0 1 0 0 0 1 0 0 0 -1382.51949404733 -3617.48050595266
1 0 0 0 1 0 0 0 1 0 0 0 -1388.87372360947 -3611.12627639052
1 0 0 0 1 0 0 0 1 0 0 0 -1421.2298337878 -3578.77016621219
1 0 0 0 1 0 0 0 1 0 0 0 -1450.66496833315 -3549.33503166684
1 0 0 0 1 0 0 0 1 0 0 0 -1459.41517492259 -3540.5848250774
1 0 0 0 1 0 0 0 1 0 0 0 -1359.01318053408 -3440.98681946592
1 0 0 0 1 0 0 0 1 0 0 0 -1373.5105154844 -3426.48948451559
1 0 0 0 1 0 0 0 1 0 0 0 -1397.0470594354 -3402.95294056459
1 0 0 0 1 0 0 0 1 0 0 0 -1411.23222425946 -3388.76777574053
1 0 0 0 1 0 0 0 1 0 0 0 -1504.03634863772 -3495.96365136227
1 0 0 0 1 0 0 0 1 0 0 0 -1496.9189180744 -3503.08108192559
1 0 0 0 1 0 0 0 1 0 0 0 -1489.26356421754 -3510.73643578245
1 0 0 0 1 0 0 0 1 0 0 0 -1485.87910495835 -3514.12089504164
1 0 0 0 1 0 0 0 1 0 0 0 -1394.35812976626 -3405.64187023373
1 0 0 0 1 0 0 0 1 0 0 0 -1404.70478032722 -3395.29521967277
1 0 0 0 1 0 0 0 1 0 0 0 -1422.12906023539 -3377.8709397646
1 0 0 0 1 0 0 0 1 0 0 0 -1423.59197687674 -3376.40802312325
1 0 0 0 1 0 0 0 1 0 0 0 -1408.23537793947 -3391.76462206052
1 0 0 0 1 0 0 0 1 0 0 0 -1400.84944306268 -3399.15055693731
1 0 0 0 1 0 0 0 1 0 0 0 -1410.56969811647 -3389.43030188352
1 0 0 0 1 0 0 0 1 0 0 0 -1528.67440663405 -3471.32559336594
1 0 0 0 1 0 0 0 1 0 0 0 -1561.58894004461 -3438.41105995538
1 0 0 0 1 0 0 0 1 0 0 0 -1461.56404671703 -3338.43595328296
1 0 0 0 1 0 0 0 1 0 0 0 -1460.04873736548 -3339.95126263451
1 0 0 0 1 0 0 0 1 0 0 0 -1455.37644999036 -3344.62355000963
1 0 0 0 1 0 0 0 1 0 0 0 -1446.85664085815 -3353.14335914184
1 0 0 0 1 0 0 0 1 0 0 0 -1348.36075662387 -3251.63924337612
1 0 0 0 1 0 0 0 1 0 0 0 -1236.36876791973 -3163.63123208026
1 0 0 0 1 0 0 0 1 0 0 0 -1215.73498446328 -3184.26501553671
1 0 0 0 1 0 0 0 1 0 0 0 -1349.26339007877 -3250.73660992122
1 0 0 0 1 0 0 0 1 0 0 0 -1478.12545076952 -3321.87454923047
1 0 0 0 1 0 0 0 1 0 0 0 -1408.69471600669 -3391.3052839933
1 0 0 0 1 0 0 0 1 0 0 0 -1236.34119220594 -3363.65880779405
1 0 0 0 1 0 0 0 1 0 0 0 -1204.56894969856 -3395.43105030144
1 0 0 0 1 0 0 0 1 0 0 0 -1207.53989209613 -3392.46010790386
1 0 0 0 1 0 0 0 1 0 0 0 -1210.27849080025 -3389.72150919974
1 0 0 0 1 0 0 0 1 0 0 0 -1228.56281669331 -3371.43718330668
1 0 0 0 1 0 0 0 1 0 0 0 -1275.88771391966 -3324.11228608033
1 0 0 0 1 0 0 0 1 0 0 0 -1402.34584281875 -3397.65415718124
1 0 0 0 1 0 0 0 1 0 0 0 -1499.7158419685 -3500.28415803149
1 0 0 0 1 0 0 0 1 0 0 0 -1493.08973264592 -3506.91026735407
1 0 0 0 1 0 0 0 1 0 0 0 -1511.96261542931 -3488.03738457068
1 0 0 0 1 0 0 0 1 0 0 0 -1528.20525971972 -3471.79474028027
1 0 0 0 1 0 0 0 1 0 0 0 -1538.59404394387 -3461.40595605613
1 0 0 0 1 0 0 0 1 0 0 0 -1536.25621538937 -3463.74378461062
1 0 0 0 1 0 0 0 1 0 0 0 -1530.74508554083 -3469.25491445916
1 0 0 0 1 0 0 0 1 0 0 0 -1528.83745331771 -3471.16254668228
1 0 0 0 1 0 0 0 1 0 0 0 -1527.82876740684 -3472.17123259315
1 0 0 0 1 0 0 0 1 0 0 0 -1516.74183484029 -3483.2581651597
1 0 0 0 1 0 0 0 1 0 0 0 -1511.10873627667 -3488.89126372332
1 0 0 0 1 0 0 0 1 0 0 0 -1514.73873900422 -3485.26126099577
1 0 0 0 1 0 0 0 1 0 0 0 -1534.13970339733 -3465.86029660266
1 0 0 0 1 0 0 0 1 0 0 0 -1454.77174778456 -3345.22825221543
1 0 0 0 1 0 0 0 1 0 0 0 -1468.88976524136 -3331.11023475863
1 0 0 0 1 0 0 0 1 0 0 0 -1573.37382837858 -3426.62617162141
1 0 0 0 1 0 0 0 1 0 0 0 -1472.30769035015 -3327.69230964984
1 0 0 0 1 0 0 0 1 0 0 0 -1460.11278175507 -3339.88721824492
1 0 0 0 1 0 0 0 1 0 0 0 -1448.97131508528 -3351.02868491471
1 0 0 0 1 0 0 0 1 0 0 0 -1433.0857949444 -3366.91420505559
1 0 0 0 1 0 0 0 1 0 0 0 -1439.45622367054 -3360.54377632945
1 0 0 0 1 0 0 0 1 0 0 0 -1458.4468396209 -3341.55316037909
1 0 0 0 1 0 0 0 1 0 0 0 -1470.8100738423 -3329.18992615769
1 0 0 0 1 0 0 0 1 0 0 0 -1481.81572091552 -3318.18427908447
1 0 0 0 1 0 0 0 1 0 0 0 -1583.68220077827 -3416.31779922172
1 0 0 0 1 0 0 0 1 0 0 0 -1480.54401280873 -3319.45598719126
1 0 0 0 1 0 0 0 1 0 0 0 -1473.78480415409 -3326.2151958459
1 0 0 0 1 0 0 0 1 0 0 0 -1463.94985758258 -3336.05014241741
1 0 0 0 1 0 0 0 1 0 0 0 -1450.79130428579 -3349.2086957142
1 0 0 0 1 0 0 0 1 0 0 0 -1435.72307767882 -3364.27692232117
1 0 0 0 1 0 0 0 1 0 0 0 -1425.50822536441 -3374.49177463558
1 0 0 0 1 0 0 0 1 0 0 0 -1420.27636150946 -3379.72363849053
1 0 0 0 1 0 0 0 1 0 0 0 -1426.25697179774 -3373.74302820225
1 0 0 0 1 0 0 0 1 0 0 0 -1436.4210068479 -3363.57899315209
1 0 0 0 1 0 0 0 1 0 0 0 -1438.85924051987 -3361.14075948012
1 0 0 0 1 0 0 0 1 0 0 0 -1444.2711889798 -3355.72881102019
1 0 0 0 1 0 0 0 1 0 0 0 -1444.63043518803 -3355.36956481196
1 0 0 0 1 0 0 0 1 0 0 0 -1443.74606227843 -3356.25393772156
1 0 0 0 1 0 0 0 1 0 0 0 -1539.96009111791 -3460.03990888208
1 0 0 0 1 0 0 0 1 0 0 0 -1536.79067906391 -3463.20932093608
1 0 0 0 1 0 0 0 1 0 0 0 -1535.47178150484 -3464.52821849515
1 0 0 0 1 0 0 0 1 0 0 0 -1535.40449188013 -3464.59550811986
1 0 0 0 1 0 0 0 1 0 0 0 -1540.66035904423 -3459.33964095576
1 0 0 0 1 0 0 0 1 0 0 0 -1546.80284765231 -3453.19715234768
1 0 0 0 1 0 0 0 1 0 0 0 -1548.52222349362 -3451.47777650637
1 0 0 0 1 0 0 0 1 0 0 0 -1546.27234035082 -3453.72765964917
1 0 0 0 1 0 0 0 1 0 0 0 -1544.62351329652 -3455.37648670347
1 0 0 0 1 0 0 0 1 0 0 0 -1539.70198270118 -3460.29801729881
1 0 0 0 1 0 0 0 1 0 0 0 -1542.77701843536 -3457.22298156463
1 0 0 0 1 0 0 0 1 0 0 0 -1547.42080768682 -3452.57919231317
1 0 0 0 1 0 0 0 1 0 0 0 -1547.59557577479 -3452.4044242252
1 0 0 0 1 0 0 0 1 0 0 0 -1544.23086006956 -3455.76913993043
1 0 0 0 1 0 0 0 1 0 0 0 -1543.83238486088 -3456.16761513911
1 0 0 0 1 0 0 0 1 0 0 0 -1538.16099421776 -3461.83900578223
1 0 0 0 1 0 0 0 1 0 0 0 -1533.31074203939 -3466.6892579606
1 0 0 0 1 0 0 0 1 0 0 0 -1529.82145254256 -3470.17854745743
1 0 0 0 1 0 0 0 1 0 0 0 -1533.12165646088 -3466.87834353911
1 0 0 0 1 0 0 0 1 0 0 0 -1536.84170328908 -3463.15829671091
1 0 0 0 1 0 0 0 1 0 0 0 -1538.6942826776 -3461.30571732239
1 0 0 0 1 0 0 0 1 0 0 0 -1538.87820156847 -3461.12179843152
1 0 0 0 1 0 0 0 1 0 0 0 -1537.80021820764 -3462.19978179235
1 0 0 0 1 0 0 0 1 0 0 0 -1534.04364276447 -3465.95635723552
1 0 0 0 1 0 0 0 1 0 0 0 -1531.49956496432 -3468.50043503567
1 0 0 0 1 0 0 0 1 0 0 0 -1528.88050615113 -3471.11949384886
1 0 0 0 1 0 0 0 1 0 0 0 -1529.32409914848 -3470.67590085151
1 0 0 0 1 0 0 0 1 0 0 0 -1530.46929470108 -3469.53070529891
1 0 0 0 1 0 0 0 1 0 0 0 -1533.53289056184 -3466.46710943815
1 0 0 0 1 0 0 0 1 0 0 0 -1532.0093006823 -3467.99069931769
1 0 0 0 1 0 0 0 1 0 0 0 -1530.51574901193 -3469.48425098806
1 0 0 0 1 0 0 0 1 0 0 0 -1532.73568083406 -3467.26431916594
1 0 0 0 1 0 0 0 1 0 0 0 -1528.97860776575 -3471.02139223424
1 0 0 0 1 0 0 0 1 0 0 0 -1525.25314868121 -3474.74685131878
1 0 0 0 1 0 0 0 1 0 0 0 -1526.70498631435 -3473.29501368564
1 0 0 0 1 0 0 0 1 0 0 0 -1526.60948837815 -3473.39051162184
1 0 0 0 1 0 0 0 1 0 0 0 -1523.50536122038 -3476.49463877961
1 0 0 0 1 0 0 0 1 0 0 0 -1526.39022910404 -3473.60977089595
1 0 0 0 1 0 0 0 1 0 0 0 -1525.59448251945 -3474.40551748054
1 0 0 0 1 0 0 0 1 0 0 0 -1521.40445861538 -3478.59554138461
1 0 0 0 1 0 0 0 1 0 0 0 -1517.67273540522 -3482.32726459477
1 0 0 0 1 0 0 0 1 0 0 0 -1513.93949704539 -3486.0605029546
1 0 0 0 1 0 0 0 1 0 0 0 -1509.1346546329 -3490.86534536709
1 0 0 0 1 0 0 0 1 0 0 0 -1503.18599235885 -3496.81400764114
1 0 0 0 1 0 0 0 1 0 0 0 -1500.56171228851 -3499.43828771148
1 0 0 0 1 0 0 0 1 0 0 0 -1500.66138581973 -3499.33861418026
1 0 0 0 1 0 0 0 1 0 0 0 -1501.48270273419 -3498.5172972658
1 0 0 0 1 0 0 0 1 0 0 0 -1501.5881192766 -3498.41188072339
1 0 0 0 1 0 0 0 1 0 0 0 -1505.0031992631 -3494.99680073689
1 0 0 0 1 0 0 0 1 0 0 0 -1507.44519888895 -3492.55480111104
1 0 0 0 1 0 0 0 1 0 0 0 -1506.57581807803 -3493.42418192196
1 0 0 0 1 0 0 0 1 0 0 0 -1506.3381569666 -3493.66184303339
1 0 0 0 1 0 0 0 1 0 0 0 -1508.59096745375 -3491.40903254624
1 0 0 0 1 0 0 0 1 0 0 0 -1508.94543969384 -3491.05456030615
1 0 0 0 1 0 0 0 1 0 0 0 -1509.26504050556 -3490.73495949443
1 0 0 0 1 0 0 0 1 0 0 0 -1501.01486612144 -3498.98513387855
1 0 0 0 1 0 0 0 1 0 0 0 -1490.27581005934 -3509.72418994065
1 0 0 0 1 0 0 0 1 0 0 0 -1486.7413285561 -3513.25867144389
1 0 0 0 1 0 0 0 1 0 0 0 -1484.58454386817 -3515.41545613182
1 0 0 0 1 0 0 0 1 0 0 0 -1483.82978415994 -3516.17021584005
1 0 0 0 1 0 0 0 1 0 0 0 -1485.2579031164 -3514.74209688359
1 0 0 0 1 0 0 0 1 0 0 0 -1482.45830253558 -3517.54169746441
1 0 0 0 1 0 0 0 1 0 0 0 -1482.50032730849 -3517.4996726915
1 0 0 0 1 0 0 0 1 0 0 0 -1483.03684122707 -3516.96315877292
1 0 0 0 1 0 0 0 1 0 0 0 -1481.23858878157 -3518.76141121842
1 0 0 0 1 0 0 0 1 0 0 0 -1482.44747786731 -3517.55252213268
1 0 0 0 1 0 0 0 1 0 0 0 -1483.05374149662 -3516.94625850338
1 0 0 0 1 0 0 0 1 0 0 0 -1488.52182350462 -3511.47817649537
1 0 0 0 1 0 0 0 1 0 0 0 -1403.94268507618 -3396.05731492381
1 0 0 0 1 0 0 0 1 0 0 0 -1423.82668898867 -3376.17331101133
1 0 0 0 1 0 0 0 1 0 0 0 -1425.82072962657 -3374.17927037342
1 0 0 0 1 0 0 0 1 0 0 0 -1423.66429338415 -3376.33570661584
1 0 0 0 1 0 0 0 1 0 0 0 -1412.30725695002 -3387.69274304997
1 0 0 0 1 0 0 0 1 0 0 0 -1395.29817071341 -3404.70182928658
1 0 0 0 1 0 0 0 1 0 0 0 -1409.20969866173 -3390.79030133826
1 0 0 0 1 0 0 0 1 0 0 0 -1441.54412440756 -3358.45587559243
1 0 0 0 1 0 0 0 1 0 0 0 -1458.52189522697 -3341.47810477302
1 0 0 0 1 0 0 0 1 0 0 0 -1468.47458724427 -3331.52541275572
1 0 0 0 1 0 0 0 1 0 0 0 -1474.23225656286 -3325.76774343713
1 0 0 0 1 0 0 0 1 0 0 0 -1465.44093349389 -3334.5590665061
1 0 0 0 1 0 0 0 1 0 0 0 -1457.84000130376 -3342.15999869623
1 0 0 0 1 0 0 0 1 0 0 0 -1465.05334823212 -3334.94665176787
1 0 0 0 1 0 0 0 1 0 0 0 -1577.88899728321 -3422.11100271678
1 0 0 0 1 0 0 0 1 0 0 0 -1591.49912345669 -3408.5008765433
1 0 0 0 1 0 0 0 1 0 0 0 -1590.47580948075 -3409.52419051924
1 0 0 0 1 0 0 0 1 0 0 0 -1577.04372752316 -3422.95627247683
1 0 0 0 1 0 0 0 1 0 0 0 -1554.15143633786 -3445.84856366213
1 0 0 0 1 0 0 0 1 0 0 0 -1542.9403314004 -3457.05966859959
1 0 0 0 1 0 0 0 1 0 0 0 -1541.80491840779 -3458.1950815922
1 0 0 0 1 0 0 0 1 0 0 0 -1558.85738244948 -3441.14261755052
1 0 0 0 1 0 0 0 1 0 0 0 -1569.78701915595 -3430.21298084404
1 0 0 0 1 0 0 0 1 0 0 0 -1456.04744047239 -3343.9525595276
1 0 0 0 1 0 0 0 1 0 0 0 -1433.00678361741 -3366.99321638258
1 0 0 0 1 0 0 0 1 0 0 0 -1516.88675534222 -3483.11324465777
1 0 0 0 1 0 0 0 1 0 0 0 -1526.95340659929 -3473.0465934007
1 0 0 0 1 0 0 0 1 0 0 0 -1536.4480227606 -3463.55197723939
1 0 0 0 1 0 0 0 1 0 0 0 -1560.43364531596 -3439.56635468403
1 0 0 0 1 0 0 0 1 0 0 0 -1470.00088606267 -3329.99911393732
1 0 0 0 1 0 0 0 1 0 0 0 -1558.86184225752 -3441.13815774247
1 0 0 0 1 0 0 0 1 0 0 0 -1545.11224522471 -3454.88775477528
1 0 0 0 1 0 0 0 1 0 0 0 -1550.66429858074 -3449.33570141925
1 0 0 0 1 0 0 0 1 0 0 0 -1560.46800871841 -3439.53199128158
1 0 0 0 1 0 0 0 1 0 0 0 -1566.40826237433 -3433.59173762566
1 0 0 0 1 0 0 0 1 0 0 0 -1558.43144868811 -3441.56855131188
1 0 0 0 1 0 0 0 1 0 0 0 -1550.78494300049 -3449.2150569995
1 0 0 0 1 0 0 0 1 0 0 0 -1546.93150170619 -3453.0684982938
1 0 0 0 1 0 0 0 1 0 0 0 -1545.57844349511 -3454.42155650488
1 0 0 0 1 0 0 0 1 0 0 0 -1562.11173703162 -3437.88826296837
1 0 0 0 1 0 0 0 1 0 0 0 -1568.88663436767 -3431.11336563232
1 0 0 0 1 0 0 0 1 0 0 0 -1458.163062142 -3341.83693785799
1 0 0 0 1 0 0 0 1 0 0 0 -1440.10765747671 -3359.89234252328
1 0 0 0 1 0 0 0 1 0 0 0 -1443.31769874735 -3356.68230125264
1 0 0 0 1 0 0 0 1 0 0 0 -1453.28290777035 -3346.71709222964
1 0 0 0 1 0 0 0 1 0 0 0 -1470.75089734278 -3329.24910265721
1 0 0 0 1 0 0 0 1 0 0 0 -1579.23613755646 -3420.76386244353
1 0 0 0 1 0 0 0 1 0 0 0 -1587.03186299136 -3412.96813700863
1 0 0 0 1 0 0 0 1 0 0 0 -1577.61299631239 -3422.3870036876
1 0 0 0 1 0 0 0 1 0 0 0 -1571.24600260367 -3428.75399739632
1 0 0 0 1 0 0 0 1 0 0 0 -1581.86655941863 -3418.13344058136
1 0 0 0 1 0 0 0 1 0 0 0 -1599.88647204011 -3400.11352795988
1 0 0 0 1 0 0 0 1 0 0 0 -1606.49488118643 -3393.50511881356
1 0 0 0 1 0 0 0 1 0 0 0 -1607.52170110147 -3392.47829889852
1 0 0 0 1 0 0 0 1 0 0 0 -1599.88575853615 -3400.11424146384
1 0 0 0 1 0 0 0 1 0 0 0 -1574.99135840358 -3425.00864159641
1 0 0 0 1 0 0 0 1 0 0 0 -1575.74335639462 -3424.25664360537
1 0 0 0 1 0 0 0 1 0 0 0 -1578.67474472581 -3421.32525527418
1 0 0 0 1 0 0 0 1 0 0 0 -1578.13810624968 -3421.86189375031
1 0 0 0 1 0 0 0 1 0 0 0 -1569.83064625746 -3430.16935374253
1 0 0 0 1 0 0 0 1 0 0 0 -1472.91739601879 -3327.0826039812
1 0 0 0 1 0 0 0 1 0 0 0 -1591.92671871811 -3408.07328128188
1 0 0 0 1 0 0 0 1 0 0 0 -1598.87730874632 -3401.12269125367
1 0 0 0 1 0 0 0 1 0 0 0 -1596.41912227719 -3403.5808777228
1 0 0 0 1 0 0 0 1 0 0 0 -1596.51763741726 -3403.48236258273
1 0 0 0 1 0 0 0 1 0 0 0 -1597.28722988268 -3402.71277011731
1 0 0 0 1 0 0 0 1 0 0 0 -1587.6189034496 -3412.38109655039
1 0 0 0 1 0 0 0 1 0 0 0 -1581.26562457471 -3418.73437542528
1 0 0 0 1 0 0 0 1 0 0 0 -1577.65133039423 -3422.34866960576
1 0 0 0 1 0 0 0 1 0 0 0 -1574.46279228326 -3425.53720771674
1 0 0 0 1 0 0 0 1 0 0 0 -1576.38244756541 -3423.61755243458
1 0 0 0 1 0 0 0 1 0 0 0 -1572.21574325829 -3427.7842567417
1 0 0 0 1 0 0 0 1 0 0 0 -1568.72057822482 -3431.27942177517
1 0 0 0 1 0 0 0 1 0 0 0 -1563.3507930283 -3436.64920697169
1 0 0 0 1 0 0 0 1 0 0 0 -1554.00044476214 -3445.99955523785
1 0 0 0 1 0 0 0 1 0 0 0 -1546.35511964246 -3453.64488035753
1 0 0 0 1 0 0 0 1 0 0 0 -1432.0435452395 -3367.95645476049
1 0 0 0 1 0 0 0 1 0 0 0 -1415.23132633085 -3384.76867366914
1 0 0 0 1 0 0 0 1 0 0 0 -1403.49581192229 -3396.5041880777
1 0 0 0 1 0 0 0 1 0 0 0 -1479.85500894306 -3520.14499105693
1 0 0 0 1 0 0 0 1 0 0 0 -1465.82949415787 -3534.17050584212
1 0 0 0 1 0 0 0 1 0 0 0 -1462.96585232537 -3537.03414767462
1 0 0 0 1 0 0 0 1 0 0 0 -1469.88956194611 -3530.11043805388
1 0 0 0 1 0 0 0 1 0 0 0 -1390.70765257249 -3409.2923474275
1 0 0 0 1 0 0 0 1 0 0 0 -1482.98628561076 -3517.01371438923
1 0 0 0 1 0 0 0 1 0 0 0 -1468.56034226815 -3531.43965773184
1 0 0 0 1 0 0 0 1 0 0 0 -1463.7538755988 -3536.2461244012
1 0 0 0 1 0 0 0 1 0 0 0 -1468.84749551408 -3531.15250448591
1 0 0 0 1 0 0 0 1 0 0 0 -1470.87313510942 -3529.12686489057
1 0 0 0 1 0 0 0 1 0 0 0 -1469.40615232462 -3530.59384767537
1 0 0 0 1 0 0 0 1 0 0 0 -1454.77485971758 -3545.22514028241
1 0 0 0 1 0 0 0 1 0 0 0 -1439.50182069001 -3560.49817930998
1 0 0 0 1 0 0 0 1 0 0 0 -1421.14657770169 -3578.8534222983
1 0 0 0 1 0 0 0 1 0 0 0 -1418.5910849996 -3581.40891500039
1 0 0 0 1 0 0 0 1 0 0 0 -1416.91212151019 -3583.0878784898
1 0 0 0 1 0 0 0 1 0 0 0 -1424.38752961554 -3575.61247038445
1 0 0 0 1 0 0 0 1 0 0 0 -1424.1746323008 -3575.82536769919
1 0 0 0 1 0 0 0 1 0 0 0 -1410.93079419319 -3589.0692058068
1 0 0 0 1 0 0 0 1 0 0 0 -1369.56361079747 -3630.43638920252
1 0 0 0 1 0 0 0 1 0 0 0 -1350.48363304324 -3649.51636695675
1 0 0 0 1 0 0 0 1 0 0 0 -1354.5803530448 -3645.41964695519
1 0 0 0 1 0 0 0 1 0 0 0 -1373.50939095592 -3626.49060904407
1 0 0 0 1 0 0 0 1 0 0 0 -1393.26635271099 -3606.733647289
1 0 0 0 1 0 0 0 1 0 0 0 -1387.3033566444 -3612.69664335559
1 0 0 0 1 0 0 0 1 0 0 0 -1372.68347340275 -3627.31652659724
1 0 0 0 1 0 0 0 1 0 0 0 -1352.14873853345 -3647.85126146654
1 0 0 0 1 0 0 0 1 0 0 0 -1337.80943987821 -3662.19056012178
1 0 0 0 1 0 0 0 1 0 0 0 -1327.9091882971 -3672.0908117029
1 0 0 0 1 0 0 0 1 0 0 0 -1336.53243889591 -3663.46756110408
1 0 0 0 1 0 0 0 1 0 0 0 -1339.19007457018 -3660.80992542981
1 0 0 0 1 0 0 0 1 0 0 0 -1344.76951466645 -3655.23048533354
1 0 0 0 1 0 0 0 1 0 0 0 -1349.6391753209 -3650.36082467909
1 0 0 0 1 0 0 0 1 0 0 0 -1357.19264359929 -3642.8073564007
1 0 0 0 1 0 0 0 1 0 0 0 -1351.56556002036 -3648.43443997963
1 0 0 0 1 0 0 0 1 0 0 0 -1347.9636601478 -3652.03633985219
1 0 0 0 1 0 0 0 1 0 0 0 -1344.19966623816 -3655.80033376183
1 0 0 0 1 0 0 0 1 0 0 0 -1342.06064728368 -3657.93935271631
1 0 0 0 1 0 0 0 1 0 0 0 -1345.66288146009 -3654.3371185399
1 0 0 0 1 0 0 0 1 0 0 0 -1350.7787682793 -3649.22123172069
1 0 0 0 1 0 0 0 1 0 0 0 -1360.41452511662 -3639.58547488337
1 0 0 0 1 0 0 0 1 0 0 0 -1360.21232815404 -3639.78767184595
1 0 0 0 1 0 0 0 1 0 0 0 -1361.5962553676 -3638.40374463239
1 0 0 0 1 0 0 0 1 0 0 0 -1362.00203663361 -3637.99796336638
1 0 0 0 1 0 0 0 1 0 0 0 -1358.26587036937 -3641.73412963062
1 0 0 0 1 0 0 0 1 0 0 0 -1356.71138674435 -3643.28861325564
1 0 0 0 1 0 0 0 1 0 0 0 -1357.81279248029 -3642.1872075197
1 0 0 0 1 0 0 0 1 0 0 0 -1360.63085365597 -3639.36914634402
1 0 0 0 1 0 0 0 1 0 0 0 -1363.58976986258 -3636.41023013741
1 0 0 0 1 0 0 0 1 0 0 0 -1364.53068736818 -3635.46931263181
1 0 0 0 1 0 0 0 1 0 0 0 -1362.97823810369 -3637.0217618963
1 0 0 0 1 0 0 0 1 0 0 0 -1359.51680339176 -3640.48319660823
1 0 0 0 1 0 0 0 1 0 0 0 -1356.94024351965 -3643.05975648034
1 0 0 0 1 0 0 0 1 0 0 0 -1357.17774405667 -3642.82225594332
1 0 0 0 1 0 0 0 1 0 0 0 -1348.87116534297 -3651.12883465702
1 0 0 0 1 0 0 0 1 0 0 0 -1343.61354122079 -3656.3864587792
1 0 0 0 1 0 0 0 1 0 0 0 -1340.93626045842 -3659.06373954157
1 0 0 0 1 0 0 0 1 0 0 0 -1335.90369111845 -3664.09630888154
1 0 0 0 1 0 0 0 1 0 0 0 -1334.00321643406 -3665.99678356593
1 0 0 0 1 0 0 0 1 0 0 0 -1330.19087654999 -3669.80912345
1 0 0 0 1 0 0 0 1 0 0 0 -1328.2620774633 -3671.73792253669
1 0 0 0 1 0 0 0 1 0 0 0 -1327.82958095558 -3672.17041904441
1 0 0 0 1 0 0 0 1 0 0 0 -1330.64784436152 -3669.35215563847
1 0 0 0 1 0 0 0 1 0 0 0 -1332.45922742126 -3667.54077257873
1 0 0 0 1 0 0 0 1 0 0 0 -1336.26455296395 -3663.73544703604
1 0 0 0 1 0 0 0 1 0 0 0 -1340.78302398187 -3659.21697601812
1 0 0 0 1 0 0 0 1 0 0 0 -1340.73601052559 -3659.2639894744
1 0 0 0 1 0 0 0 1 0 0 0 -1340.96078946785 -3659.03921053214
1 0 0 0 1 0 0 0 1 0 0 0 -1341.78676946071 -3658.21323053928
1 0 0 0 1 0 0 0 1 0 0 0 -1342.43582648394 -3657.56417351605
1 0 0 0 1 0 0 0 1 0 0 0 -1344.03849109062 -3655.96150890937
1 0 0 0 1 0 0 0 1 0 0 0 -1348.1704990252 -3651.82950097479
1 0 0 0 1 0 0 0 1 0 0 0 -1351.31454059084 -3648.68545940915
1 0 0 0 1 0 0 0 1 0 0 0 -1355.24736828731 -3644.75263171268
1 0 0 0 1 0 0 0 1 0 0 0 -1362.99880260042 -3637.00119739957
1 0 0 0 1 0 0 0 1 0 0 0 -1369.15873727446 -3630.84126272553
1 0 0 0 1 0 0 0 1 0 0 0 -1373.92322509616 -3626.07677490383
1 0 0 0 1 0 0 0 1 0 0 0 -1381.42499144451 -3618.57500855548
1 0 0 0 1 0 0 0 1 0 0 0 -1388.65223474058 -3611.34776525941
1 0 0 0 1 0 0 0 1 0 0 0 -1393.79112983613 -3606.20887016386
1 0 0 0 1 0 0 0 1 0 0 0 -1388.80673043475 -3611.19326956524
1 0 0 0 1 0 0 0 1 0 0 0 -1379.2300305439 -3620.76996945609
1 0 0 0 1 0 0 0 1 0 0 0 -1358.88860982153 -3641.11139017846
1 0 0 0 1 0 0 0 1 0 0 0 -1331.33031742122 -3668.66968257877
1 0 0 0 1 0 0 0 1 0 0 0 -1311.824635933 -3688.17536406699
1 0 0 0 1 0 0 0 1 0 0 0 -1310.95865412603 -3689.04134587396
1 0 0 0 1 0 0 0 1 0 0 0 -1326.62037956876 -3673.37962043123
1 0 0 0 1 0 0 0 1 0 0 0 -1350.35366373896 -3649.64633626103
1 0 0 0 1 0 0 0 1 0 0 0 -1379.25301652958 -3620.74698347041
1 0 0 0 1 0 0 0 1 0 0 0 -1298.26359832468 -3501.73640167531
1 0 0 0 1 0 0 0 1 0 0 0 -1310.64531642918 -3489.35468357081
1 0 0 0 1 0 0 0 1 0 0 0 -1319.13071983696 -3480.86928016303
1 0 0 0 1 0 0 0 1 0 0 0 -1322.94832069178 -3477.05167930821
1 0 0 0 1 0 0 0 1 0 0 0 -1327.09511826967 -3472.90488173032
1 0 0 0 1 0 0 0 1 0 0 0 -1224.9816085315 -3375.01839146849
1 0 0 0 1 0 0 0 1 0 0 0 -1223.62374787802 -3376.37625212197
1 0 0 0 1 0 0 0 1 0 0 0 -1227.16612467359 -3372.8338753264
1 0 0 0 1 0 0 0 1 0 0 0 -1222.010803064 -3377.98919693599
1 0 0 0 1 0 0 0 1 0 0 0 -1209.02886443692 -3390.97113556307
1 0 0 0 1 0 0 0 1 0 0 0 -1197.00207421611 -3402.99792578388
1 0 0 0 1 0 0 0 1 0 0 0 -1283.34837468529 -3516.6516253147
1 0 0 0 1 0 0 0 1 0 0 0 -1268.41179868237 -3531.58820131762
1 0 0 0 1 0 0 0 1 0 0 0 -1278.21461986848 -3521.78538013151
1 0 0 0 1 0 0 0 1 0 0 0 -1284.77218353043 -3515.22781646956
1 0 0 0 1 0 0 0 1 0 0 0 -1387.91090884923 -3612.08909115076
1 0 0 0 1 0 0 0 1 0 0 0 -1382.13258268412 -3617.86741731587
1 0 0 0 1 0 0 0 1 0 0 0 -1383.43303447711 -3616.56696552288
1 0 0 0 1 0 0 0 1 0 0 0 -1401.01421106269 -3598.9857889373
1 0 0 0 1 0 0 0 1 0 0 0 -1319.33591322993 -3480.66408677006
1 0 0 0 1 0 0 0 1 0 0 0 -1313.27284716844 -3486.72715283155
1 0 0 0 1 0 0 0 1 0 0 0 -1303.02131490558 -3496.97868509441
1 0 0 0 1 0 0 0 1 0 0 0 -1409.92213840631 -3590.07786159368
1 0 0 0 1 0 0 0 1 0 0 0 -1422.36717724773 -3577.63282275226
1 0 0 0 1 0 0 0 1 0 0 0 -1331.89530027485 -3468.10469972514
1 0 0 0 1 0 0 0 1 0 0 0 -1337.99827769323 -3462.00172230676
1 0 0 0 1 0 0 0 1 0 0 0 -1328.97550560829 -3471.0244943917
1 0 0 0 1 0 0 0 1 0 0 0 -1507.04684557348 -3692.95315442651
1 0 0 0 1 0 0 0 1 0 0 0 -1501.14061294729 -3698.8593870527
1 0 0 0 1 0 0 0 1 0 0 0 -1494.07229847089 -3705.9277015291
1 0 0 0 1 0 0 0 1 0 0 0 -1389.65766125514 -3610.34233874485
1 0 0 0 1 0 0 0 1 0 0 0 -1299.5604490143 -3500.43955098569
1 0 0 0 1 0 0 0 1 0 0 0 -1313.72870054567 -3486.27129945432
1 0 0 0 1 0 0 0 1 0 0 0 -1436.47340421926 -3563.52659578073
1 0 0 0 1 0 0 0 1 0 0 0 -1561.10423253735 -3638.89576746264
1 0 0 0 1 0 0 0 1 0 0 0 -1583.84658362148 -3616.15341637851
1 0 0 0 1 0 0 0 1 0 0 0 -1592.8859112515 -3607.11408874849
1 0 0 0 1 0 0 0 1 0 0 0 -1587.51770455608 -3612.48229544391
1 0 0 0 1 0 0 0 1 0 0 0 -1580.32922222126 -3619.67077777874
1 0 0 0 1 0 0 0 1 0 0 0 -1576.20329698076 -3623.79670301923
1 0 0 0 1 0 0 0 1 0 0 0 -1572.65008240017 -3627.34991759982
1 0 0 0 1 0 0 0 1 0 0 0 -1574.69835481869 -3625.3016451813
1 0 0 0 1 0 0 0 1 0 0 0 -1474.46846360489 -3525.53153639511
1 0 0 0 1 0 0 0 1 0 0 0 -1472.07885740894 -3527.92114259106
1 0 0 0 1 0 0 0 1 0 0 0 -1468.65412256516 -3531.34587743483
1 0 0 0 1 0 0 0 1 0 0 0 -1465.88378594211 -3534.11621405788
1 0 0 0 1 0 0 0 1 0 0 0 -1462.97274028852 -3537.02725971147
1 0 0 0 1 0 0 0 1 0 0 0 -1458.72501051687 -3541.27498948312
1 0 0 0 1 0 0 0 1 0 0 0 -1464.31662167093 -3535.68337832906
1 0 0 0 1 0 0 0 1 0 0 0 -1470.49964215955 -3529.50035784044
1 0 0 0 1 0 0 0 1 0 0 0 -1472.40205135004 -3527.59794864995
1 0 0 0 1 0 0 0 1 0 0 0 -1469.0549921154 -3530.94500788459
1 0 0 0 1 0 0 0 1 0 0 0 -1454.68735490222 -3545.31264509777
1 0 0 0 1 0 0 0 1 0 0 0 -1453.88946819041 -3546.11053180958
1 0 0 0 1 0 0 0 1 0 0 0 -1448.08159784662 -3551.91840215337
1 0 0 0 1 0 0 0 1 0 0 0 -1337.20214424861 -3462.79785575138
1 0 0 0 1 0 0 0 1 0 0 0 -1422.73259991184 -3577.26740008815
1 0 0 0 1 0 0 0 1 0 0 0 -1424.46225725302 -3575.53774274697
1 0 0 0 1 0 0 0 1 0 0 0 -1429.84571388435 -3570.15428611564
1 0 0 0 1 0 0 0 1 0 0 0 -1435.17286144997 -3564.82713855002
1 0 0 0 1 0 0 0 1 0 0 0 -1440.78977951861 -3559.21022048138
1 0 0 0 1 0 0 0 1 0 0 0 -1048.56254142235 -3151.43745857764
1 0 0 0 1 0 0 0 1 0 0 0 -1059.89743319102 -3140.10256680897
1 0 0 0 1 0 0 0 1 0 0 0 -1059.83908264579 -3140.1609173542
1 0 0 0 1 0 0 0 1 0 0 0 -1069.16040581603 -3130.83959418396
1 0 0 0 1 0 0 0 1 0 0 0 -1579.16921862057 -3620.83078137942
1 0 0 0 1 0 0 0 1 0 0 0 -1483.98182955026 -3516.01817044973
1 0 0 0 1 0 0 0 1 0 0 0 -1486.43625999152 -3513.56374000847
1 0 0 0 1 0 0 0 1 0 0 0 -1489.47163447668 -3510.52836552331
1 0 0 0 1 0 0 0 1 0 0 0 -1499.1588929223 -3500.84110707769
1 0 0 0 1 0 0 0 1 0 0 0 -1503.57343051667 -3496.42656948332
1 0 0 0 1 0 0 0 1 0 0 0 -1108.46523086034 -3091.53476913965
1 0 0 0 1 0 0 0 1 0 0 0 -1510.13949968181 -3489.86050031818
1 0 0 0 1 0 0 0 1 0 0 0 -1507.58619630986 -3492.41380369013
1 0 0 0 1 0 0 0 1 0 0 0 -1514.45703068208 -3485.54296931791
1 0 0 0 1 0 0 0 1 0 0 0 -1217.02963706819 -3182.9703629318
1 0 0 0 1 0 0 0 1 0 0 0 -1221.29089793116 -3178.70910206883
1 0 0 0 1 0 0 0 1 0 0 0 -1223.39163347657 -3176.60836652342
1 0 0 0 1 0 0 0 1 0 0 0 -1221.80988266195 -3178.19011733804
1 0 0 0 1 0 0 0 1 0 0 0 -1210.63362124178 -3189.36637875821
1 0 0 0 1 0 0 0 1 0 0 0 -1516.57985419184 -3483.42014580815
1 0 0 0 1 0 0 0 1 0 0 0 -1520.91463461808 -3479.08536538191
1 0 0 0 1 0 0 0 1 0 0 0 -1224.87151364888 -3175.1284863511
1 0 0 0 1 0 0 0 1 0 0 0 -1231.59616729354 -3168.40383270645
1 0 0 0 1 0 0 0 1 0 0 0 -1541.82056555887 -3458.17943444112
1 0 0 0 1 0 0 0 1 0 0 0 -1551.93670134718 -3448.06329865281
1 0 0 0 1 0 0 0 1 0 0 0 -1356.53417517459 -3243.4658248254
1 0 0 0 1 0 0 0 1 0 0 0 -1348.47575506238 -3251.52424493761
1 0 0 0 1 0 0 0 1 0 0 0 -1538.12177821358 -3461.87822178641
1 0 0 0 1 0 0 0 1 0 0 0 -1542.12701596014 -3457.87298403985
1 0 0 0 1 0 0 0 1 0 0 0 -1354.30052987441 -3245.69947012558
1 0 0 0 1 0 0 0 1 0 0 0 -1365.05352451651 -3234.94647548348
1 0 0 0 1 0 0 0 1 0 0 0 -1368.86459273363 -3231.13540726636
1 0 0 0 1 0 0 0 1 0 0 0 -1373.00268210339 -3226.9973178966
1 0 0 0 1 0 0 0 1 0 0 0 -1371.67658986426 -3228.32341013573
1 0 0 0 1 0 0 0 1 0 0 0 -1368.71946704601 -3231.28053295398
1 0 0 0 1 0 0 0 1 0 0 0 -1376.78258245767 -3223.21741754232
1 0 0 0 1 0 0 0 1 0 0 0 -1286.98672031853 -3113.01327968146
1 0 0 0 1 0 0 0 1 0 0 0 -1290.02476119961 -3109.97523880038
1 0 0 0 1 0 0 0 1 0 0 0 -1387.31551862309 -3212.6844813769
1 0 0 0 1 0 0 0 1 0 0 0 -1378.909875628 -3221.09012437199
1 0 0 0 1 0 0 0 1 0 0 0 -1375.15136150756 -3224.84863849243
1 0 0 0 1 0 0 0 1 0 0 0 -1374.51337890442 -3225.48662109557
1 0 0 0 1 0 0 0 1 0 0 0 -1375.35470803845 -3224.64529196154
1 0 0 0 1 0 0 0 1 0 0 0 -1372.39475203893 -3227.60524796106
1 0 0 0 1 0 0 0 1 0 0 0 -1365.39167424589 -3234.6083257541
1 0 0 0 1 0 0 0 1 0 0 0 -1282.82139684771 -3161.80360315228
1 0 0 0 1 0 0 0 1 0 0 0 -1258.24799649063 -3141.75200350936
1 0 0 0 1 0 0 0 1 0 0 0 -1260.64711345499 -3139.352886545
1 0 0 0 1 0 0 0 1 0 0 0 -1258.57629275286 -3141.42370724713
1 0 0 0 1 0 0 0 1 0 0 0 -1257.1855788248 -3142.81442117519
1 0 0 0 1 0 0 0 1 0 0 0 -1253.21885476442 -3146.78114523557
1 0 0 0 1 0 0 0 1 0 0 0 -1246.9360383108 -3153.06396168919
1 0 0 0 1 0 0 0 1 0 0 0 -1239.05267518518 -3160.94732481481
1 0 0 0 1 0 0 0 1 0 0 0 -1227.67032882424 -3172.32967117575
1 0 0 0 1 0 0 0 1 0 0 0 -1221.3178151679 -3178.68218483209
1 0 0 0 1 0 0 0 1 0 0 0 -1226.64852248592 -3173.35147751407
1 0 0 0 1 0 0 0 1 0 0 0 -1228.86946455426 -3171.13053544573
1 0 0 0 1 0 0 0 1 0 0 0 -1224.89553775791 -3175.10446224208
1 0 0 0 1 0 0 0 1 0 0 0 -1214.58918922009 -3185.4108107799
1 0 0 0 1 0 0 0 1 0 0 0 -1300.44270923265 -3299.55729076734
1 0 0 0 1 0 0 0 1 0 0 0 -1292.0725851131 -3307.92741488689
1 0 0 0 1 0 0 0 1 0 0 0 -1286.09707390319 -3313.9029260968
1 0 0 0 1 0 0 0 1 0 0 0 -1279.50397835156 -3320.49602164843
1 0 0 0 1 0 0 0 1 0 0 0 -1371.52417417434 -3428.47582582565
1 0 0 0 1 0 0 0 1 0 0 0 -1167.1039241848 -3232.89607581519
1 0 0 0 1 0 0 0 1 0 0 0 -1162.03759416441 -3237.96240583558
1 0 0 0 1 0 0 0 1 0 0 0 -1455.98038049967 -3544.01961950032
1 0 0 0 1 0 0 0 1 0 0 0 -1459.75943421936 -3540.24056578063
1 0 0 0 1 0 0 0 1 0 0 0 -1462.77816182145 -3537.22183817854
1 0 0 0 1 0 0 0 1 0 0 0 -1468.87006769345 -3531.12993230654
1 0 0 0 1 0 0 0 1 0 0 0 -1470.42181870054 -3529.57818129945
1 0 0 0 1 0 0 0 1 0 0 0 -1464.35749204708 -3535.64250795291
1 0 0 0 1 0 0 0 1 0 0 0 -1457.56971461927 -3542.43028538073
1 0 0 0 1 0 0 0 1 0 0 0 -1454.65083936491 -3545.34916063508
1 0 0 0 1 0 0 0 1 0 0 0 -1454.57376153904 -3545.42623846095
1 0 0 0 1 0 0 0 1 0 0 0 -1459.4466059205 -3540.55339407949
1 0 0 0 1 0 0 0 1 0 0 0 -1464.83371881397 -3535.16628118602
1 0 0 0 1 0 0 0 1 0 0 0 -1469.69386230883 -3530.30613769116
1 0 0 0 1 0 0 0 1 0 0 0 -1471.6893360319 -3536.54595808574
1 0 0 0 1 0 0 0 1 0 0 0 -1464.93306772513 -3535.06693227486
1 0 0 0 1 0 0 0 1 0 0 0 -1468.01931817433 -3531.98068182566
1 0 0 0 1 0 0 0 1 0 0 0 -1469.39184118681 -3530.60815881318
1 0 0 0 1 0 0 0 1 0 0 0 -1472.22768460498 -3527.77231539501
1 0 0 0 1 0 0 0 1 0 0 0 -1524.10776237752 -3580.59811997541
1 0 0 0 1 0 0 0 1 0 0 0 -1472.66074029827 -3527.33925970172
1 0 0 0 1 0 0 0 1 0 0 0 -1537.06557648368 -3584.18442351631
1 0 0 0 1 0 0 0 1 0 0 0 -1476.62093271096 -3523.37906728903
1 0 0 0 1 0 0 0 1 0 0 0 -1475.59613041639 -3524.4038695836
1 0 0 0 1 0 0 0 1 0 0 0 -1471.50429591945 -3528.49570408054
1 0 0 0 1 0 0 0 1 0 0 0 -1469.37257139589 -3530.6274286041
1 0 0 0 1 0 0 0 1 0 0 0 -1475.42753517586 -3524.57246482413
1 0 0 0 1 0 0 0 1 0 0 0 -1477.78699428629 -3522.2130057137
1 0 0 0 1 0 0 0 1 0 0 0 -1476.65233180076 -3523.34766819923
1 0 0 0 1 0 0 0 1 0 0 0 -1474.38194752557 -3525.61805247442
1 0 0 0 1 0 0 0 1 0 0 0 -1473.32433926925 -3526.67566073074
1 0 0 0 1 0 0 0 1 0 0 0 -1483.42738563642 -3516.57261436357
1 0 0 0 1 0 0 0 1 0 0 0 -1491.37162091762 -3508.62837908237
1 0 0 0 1 0 0 0 1 0 0 0 -1498.26642981734 -3501.73357018265
1 0 0 0 1 0 0 0 1 0 0 0 -1497.28007531008 -3502.71992468991
1 0 0 0 1 0 0 0 1 0 0 0 -1494.49700587427 -3505.50299412572
1 0 0 0 1 0 0 0 1 0 0 0 -1489.60436320562 -3510.39563679437
1 0 0 0 1 0 0 0 1 0 0 0 -1485.27000629426 -3514.72999370573
1 0 0 0 1 0 0 0 1 0 0 0 -1479.1739881298 -3520.82601187019
1 0 0 0 1 0 0 0 1 0 0 0 -1477.51500084061 -3522.48499915938
1 0 0 0 1 0 0 0 1 0 0 0 -1479.64454278373 -3520.35545721626
1 0 0 0 1 0 0 0 1 0 0 0 -1481.71437972996 -3518.28562027003
1 0 0 0 1 0 0 0 1 0 0 0 -1484.69479988391 -3515.30520011608
1 0 0 0 1 0 0 0 1 0 0 0 -1485.46872693917 -3514.53127306082
1 0 0 0 1 0 0 0 1 0 0 0 -1485.11596508297 -3514.88403491702
1 0 0 0 1 0 0 0 1 0 0 0 -1482.44007002196 -3517.55992997803
1 0 0 0 1 0 0 0 1 0 0 0 -1479.24370258786 -3520.75629741213
1 0 0 0 1 0 0 0 1 0 0 0 -1479.72518683149 -3520.2748131685
1 0 0 0 1 0 0 0 1 0 0 0 -1479.61097960141 -3520.38902039858
1 0 0 0 1 0 0 0 1 0 0 0 -1477.70872372085 -3522.29127627914
1 0 0 0 1 0 0 0 1 0 0 0 -1478.30528502651 -3521.69471497348
1 0 0 0 1 0 0 0 1 0 0 0 -1481.33118901567 -3518.66881098432
1 0 0 0 1 0 0 0 1 0 0 0 -1485.56058856989 -3514.4394114301
1 0 0 0 1 0 0 0 1 0 0 0 -1486.98204243223 -3513.01795756776
1 0 0 0 1 0 0 0 1 0 0 0 -1485.6495410266 -3514.35045897339
1 0 0 0 1 0 0 0 1 0 0 0 -1482.15627533231 -3517.84372466768
1 0 0 0 1 0 0 0 1 0 0 0 -1480.73402634373 -3519.26597365626
1 0 0 0 1 0 0 0 1 0 0 0 -1478.14491682852 -3521.85508317147
1 0 0 0 1 0 0 0 1 0 0 0 -1474.65594002546 -3525.34405997453
1 0 0 0 1 0 0 0 1 0 0 0 -1471.04172824133 -3528.95827175866
1 0 0 0 1 0 0 0 1 0 0 0 -1470.58784880245 -3529.41215119754
1 0 0 0 1 0 0 0 1 0 0 0 -1468.6057803435 -3531.39421965649
1 0 0 0 1 0 0 0 1 0 0 0 -1465.45901423367 -3534.54098576632
1 0 0 0 1 0 0 0 1 0 0 0 -1463.36570137999 -3536.63429862
1 0 0 0 1 0 0 0 1 0 0 0 -1459.45307416062 -3540.54692583937
1 0 0 0 1 0 0 0 1 0 0 0 -1462.70216699656 -3537.29783300343
1 0 0 0 1 0 0 0 1 0 0 0 -1575.16739657284 -3624.83260342715
1 0 0 0 1 0 0 0 1 0 0 0 -1583.63336451713 -3616.36663548286
1 0 0 0 1 0 0 0 1 0 0 0 -1587.40449938846 -3612.59550061153
1 0 0 0 1 0 0 0 1 0 0 0 -1588.47794302556 -3611.52205697443
1 0 0 0 1 0 0 0 1 0 0 0 -1592.06646107822 -3607.93353892177
1 0 0 0 1 0 0 0 1 0 0 0 -1489.50355120405 -3510.49644879594
1 0 0 0 1 0 0 0 1 0 0 0 -1485.45232368506 -3514.54767631493
1 0 0 0 1 0 0 0 1 0 0 0 -1586.45404145979 -3613.5459585402
1 0 0 0 1 0 0 0 1 0 0 0 -1587.43431188829 -3612.5656881117
1 0 0 0 1 0 0 0 1 0 0 0 -1580.20661745856 -3619.79338254143
1 0 0 0 1 0 0 0 1 0 0 0 -1481.04838096366 -3518.95161903633
1 0 0 0 1 0 0 0 1 0 0 0 -1490.04085126891 -3509.95914873108
1 0 0 0 1 0 0 0 1 0 0 0 -1495.11345039423 -3504.88654960576
1 0 0 0 1 0 0 0 1 0 0 0 -1488.04288780641 -3511.95711219358
1 0 0 0 1 0 0 0 1 0 0 0 -1374.69458522216 -3425.30541477783
1 0 0 0 1 0 0 0 1 0 0 0 -1465.87408352653 -3534.12591647346
1 0 0 0 1 0 0 0 1 0 0 0 -1570.36243531631 -3629.63756468368
1 0 0 0 1 0 0 0 1 0 0 0 -1569.86555934665 -3630.13444065335
1 0 0 0 1 0 0 0 1 0 0 0 -1565.14106044874 -3634.85893955125
1 0 0 0 1 0 0 0 1 0 0 0 -1559.41672058072 -3640.58327941927
1 0 0 0 1 0 0 0 1 0 0 0 -1555.79432163918 -3644.20567836081
1 0 0 0 1 0 0 0 1 0 0 0 -1459.94607276283 -3540.05392723717
1 0 0 0 1 0 0 0 1 0 0 0 -1459.31331927367 -3540.68668072633
1 0 0 0 1 0 0 0 1 0 0 0 -1143.25567211875 -3256.74432788124
1 0 0 0 1 0 0 0 1 0 0 0 -1129.552689745 -3270.44731025499
1 0 0 0 1 0 0 0 1 0 0 0 -1520.19846586323 -3679.80153413676
1 0 0 0 1 0 0 0 1 0 0 0 -1517.54032742705 -3682.45967257294
1 0 0 0 1 0 0 0 1 0 0 0 -1530.15374402889 -3669.8462559711
1 0 0 0 1 0 0 0 1 0 0 0 -1539.59256014172 -3660.40743985827
1 0 0 0 1 0 0 0 1 0 0 0 -1550.13672985593 -3649.86327014406
1 0 0 0 1 0 0 0 1 0 0 0 -1556.87226739671 -3643.12773260328
1 0 0 0 1 0 0 0 1 0 0 0 -1558.52051011646 -3641.47948988353
1 0 0 0 1 0 0 0 1 0 0 0 -1551.8055140755 -3648.19448592449
1 0 0 0 1 0 0 0 1 0 0 0 -1543.1487911158 -3656.85120888419
1 0 0 0 1 0 0 0 1 0 0 0 -1537.96992301052 -3662.03007698948
1 0 0 0 1 0 0 0 1 0 0 0 -1538.87842794754 -3661.12157205245
1 0 0 0 1 0 0 0 1 0 0 0 -1547.16457144984 -3652.83542855015
1 0 0 0 1 0 0 0 1 0 0 0 -1455.73237460288 -3544.26762539711
1 0 0 0 1 0 0 0 1 0 0 0 -1465.02459390293 -3534.97540609707
1 0 0 0 1 0 0 0 1 0 0 0 -1471.93208486138 -3528.06791513862
1 0 0 0 1 0 0 0 1 0 0 0 -1471.15222803319 -3528.84777196681
1 0 0 0 1 0 0 0 1 0 0 0 -1472.44379463774 -3527.55620536225
1 0 0 0 1 0 0 0 1 0 0 0 -1488.05443942758 -3550.73343936029
1 0 0 0 1 0 0 0 1 0 0 0 -1461.42797256768 -3538.57202743231
1 0 0 0 1 0 0 0 1 0 0 0 -1466.11997581915 -3533.88002418084
1 0 0 0 1 0 0 0 1 0 0 0 -1467.69353897322 -3532.30646102677
1 0 0 0 1 0 0 0 1 0 0 0 -1467.56773825204 -3532.43226174795
1 0 0 0 1 0 0 0 1 0 0 0 -1464.95510160983 -3535.04489839016
1 0 0 0 1 0 0 0 1 0 0 0 -1458.86560658019 -3541.1343934198
1 0 0 0 1 0 0 0 1 0 0 0 -1459.19216680148 -3540.80783319851
1 0 0 0 1 0 0 0 1 0 0 0 -1461.889567825 -3538.11043217499
1 0 0 0 1 0 0 0 1 0 0 0 -1458.89694498014 -3541.10305501985
1 0 0 0 1 0 0 0 1 0 0 0 -1554.4635178933 -3645.53648210669
1 0 0 0 1 0 0 0 1 0 0 0 -1553.99313836653 -3646.00686163346
1 0 0 0 1 0 0 0 1 0 0 0 -1550.25755576282 -3649.74244423717
1 0 0 0 1 0 0 0 1 0 0 0 -1549.99592755809 -3650.0040724419
1 0 0 0 1 0 0 0 1 0 0 0 -1555.78572146022 -3644.21427853977
1 0 0 0 1 0 0 0 1 0 0 0 -1563.94999934742 -3636.05000065257
1 0 0 0 1 0 0 0 1 0 0 0 -1571.43673282151 -3628.56326717848
1 0 0 0 1 0 0 0 1 0 0 0 -1473.6905986611 -3526.30940133889
1 0 0 0 1 0 0 0 1 0 0 0 -1475.14234124334 -3524.85765875665
1 0 0 0 1 0 0 0 1 0 0 0 -1472.91313685867 -3527.08686314132
1 0 0 0 1 0 0 0 1 0 0 0 -1574.96106424235 -3625.03893575764
1 0 0 0 1 0 0 0 1 0 0 0 -1582.03053764078 -3617.96946235921
1 0 0 0 1 0 0 0 1 0 0 0 -1486.5752497253 -3513.42475027469
1 0 0 0 1 0 0 0 1 0 0 0 -1490.93761381563 -3509.06238618436
1 0 0 0 1 0 0 0 1 0 0 0 -1489.4311964383 -3510.56880356169
1 0 0 0 1 0 0 0 1 0 0 0 -1489.73520542497 -3510.26479457502
1 0 0 0 1 0 0 0 1 0 0 0 -1495.5241452926 -3504.47585470739
1 0 0 0 1 0 0 0 1 0 0 0 -1499.57371817922 -3500.42628182077
1 0 0 0 1 0 0 0 1 0 0 0 -1501.97054445391 -3498.02945554608
1 0 0 0 1 0 0 0 1 0 0 0 -1500.47958277669 -3499.5204172233
1 0 0 0 1 0 0 0 1 0 0 0 -1500.9185969174 -3499.08140308259
1 0 0 0 1 0 0 0 1 0 0 0 -1498.77893549562 -3501.22106450437
1 0 0 0 1 0 0 0 1 0 0 0 -1501.876521645 -3498.12347835499
1 0 0 0 1 0 0 0 1 0 0 0 -1502.95500442071 -3497.04499557928
1 0 0 0 1 0 0 0 1 0 0 0 -1506.88064874746 -3493.11935125253
1 0 0 0 1 0 0 0 1 0 0 0 -1507.09749944081 -3492.90250055918
1 0 0 0 1 0 0 0 1 0 0 0 -1597.08441783288 -3602.91558216711
1 0 0 0 1 0 0 0 1 0 0 0 -1591.18310269134 -3608.81689730865
1 0 0 0 1 0 0 0 1 0 0 0 -1586.27482611598 -3613.72517388401
1 0 0 0 1 0 0 0 1 0 0 0 -1587.07373568506 -3612.92626431493
1 0 0 0 1 0 0 0 1 0 0 0 -1592.0744381381 -3607.92556186189
1 0 0 0 1 0 0 0 1 0 0 0 -1495.22197295919 -3504.7780270408
1 0 0 0 1 0 0 0 1 0 0 0 -1564.42252057825 -3399
1 0 0 0 1 0 0 0 1 0 0 0 -1591.63143858787 -3608.36856141212
1 0 0 0 1 0 0 0 1 0 0 0 -1586.8117119095 -3613.18828809049
1 0 0 0 1 0 0 0 1 0 0 0 -1582.4296634867 -3617.57033651329
1 0 0 0 1 0 0 0 1 0 0 0 -1578.77384871179 -3621.2261512882
1 0 0 0 1 0 0 0 1 0 0 0 -1574.18870238057 -3625.81129761942
1 0 0 0 1 0 0 0 1 0 0 0 -1477.47175909443 -3522.52824090556
1 0 0 0 1 0 0 0 1 0 0 0 -1480.13115712465 -3519.86884287534
1 0 0 0 1 0 0 0 1 0 0 0 -1481.59777421133 -3518.40222578866
1 0 0 0 1 0 0 0 1 0 0 0 -1486.94027940756 -3513.05972059243
1 0 0 0 1 0 0 0 1 0 0 0 -1489.03875546178 -3510.96124453821
1 0 0 0 1 0 0 0 1 0 0 0 -1491.57525511058 -3508.42474488941
1 0 0 0 1 0 0 0 1 0 0 0 -1500.67056699927 -3499.32943300072
1 0 0 0 1 0 0 0 1 0 0 0 -1500.08766708371 -3499.91233291628
1 0 0 0 1 0 0 0 1 0 0 0 -1501.49439234347 -3498.50560765652
1 0 0 0 1 0 0 0 1 0 0 0 -1501.4873404741 -3498.51265952589
1 0 0 0 1 0 0 0 1 0 0 0 -1497.60754488392 -3502.39245511607
1 0 0 0 1 0 0 0 1 0 0 0 -1497.88886658277 -3502.11113341722
1 0 0 0 1 0 0 0 1 0 0 0 -1497.96838662016 -3502.03161337983
1 0 0 0 1 0 0 0 1 0 0 0 -1497.79290854107 -3502.20709145892
1 0 0 0 1 0 0 0 1 0 0 0 -1497.23525688861 -3502.76474311138
1 0 0 0 1 0 0 0 1 0 0 0 -1501.50719548399 -3498.492804516
1 0 0 0 1 0 0 0 1 0 0 0 -1506.6046160574 -3493.39538394259
1 0 0 0 1 0 0 0 1 0 0 0 -1411.38018650881 -3388.61981349118
1 0 0 0 1 0 0 0 1 0 0 0 -1511.80471173044 -3488.19528826955
1 0 0 0 1 0 0 0 1 0 0 0 -1512.19905724871 -3487.80094275128
1 0 0 0 1 0 0 0 1 0 0 0 -1516.76732387084 -3483.23267612915
1 0 0 0 1 0 0 0 1 0 0 0 -1421.19543552964 -3378.80456447035
1 0 0 0 1 0 0 0 1 0 0 0 -1425.93314659555 -3374.06685340445
1 0 0 0 1 0 0 0 1 0 0 0 -1429.98798772996 -3370.01201227003
1 0 0 0 1 0 0 0 1 0 0 0 -1430.36634414085 -3369.63365585914
1 0 0 0 1 0 0 0 1 0 0 0 -1429.72864547832 -3370.27135452167
1 0 0 0 1 0 0 0 1 0 0 0 -1430.01647131268 -3369.98352868731
1 0 0 0 1 0 0 0 1 0 0 0 -1431.48066878078 -3368.51933121921
1 0 0 0 1 0 0 0 1 0 0 0 -1433.58677907018 -3366.41322092981
1 0 0 0 1 0 0 0 1 0 0 0 -1435.40203485621 -3364.59796514378
1 0 0 0 1 0 0 0 1 0 0 0 -1434.72473621271 -3365.27526378728
1 0 0 0 1 0 0 0 1 0 0 0 -1535.32347023323 -3464.67652976676
1 0 0 0 1 0 0 0 1 0 0 0 -1535.81559246412 -3464.18440753587
1 0 0 0 1 0 0 0 1 0 0 0 -1535.06102605784 -3464.93897394215
1 0 0 0 1 0 0 0 1 0 0 0 -1535.52439235014 -3464.47560764985
1 0 0 0 1 0 0 0 1 0 0 0 -1534.14116349466 -3465.85883650533
1 0 0 0 1 0 0 0 1 0 0 0 -1532.64559148064 -3467.35440851935
1 0 0 0 1 0 0 0 1 0 0 0 -1533.98573743189 -3466.0142625681
1 0 0 0 1 0 0 0 1 0 0 0 -1534.98580852358 -3465.01419147642
1 0 0 0 1 0 0 0 1 0 0 0 -1535.35919510009 -3464.6408048999
1 0 0 0 1 0 0 0 1 0 0 0 -1534.85501200409 -3465.1449879959
1 0 0 0 1 0 0 0 1 0 0 0 -1535.26862913999 -3464.73137086
1 0 0 0 1 0 0 0 1 0 0 0 -1534.80064641243 -3465.19935358756
1 0 0 0 1 0 0 0 1 0 0 0 -1533.90624103312 -3466.09375896687
1 0 0 0 1 0 0 0 1 0 0 0 -1532.07486654358 -3467.92513345641
1 0 0 0 1 0 0 0 1 0 0 0 -1528.4445931288 -3471.55540687119
1 0 0 0 1 0 0 0 1 0 0 0 -1524.23551954818 -3475.76448045181
