1 0 0 0 1 0 0 0 1 0 0 0 -1250.77440396044 -2949.22559603955
1 0 0 0 1 0 0 0 1 0 0 0 -1213.0058220454 -2986.99417795459
1 0 0 0 1 0 0 0 1 0 0 0 -1186.47048630431 -3013.52951369568
1 0 0 0 1 0 0 0 1 0 0 0 -1263.55318532451 -2936.44681467548
1 0 0 0 1 0 0 0 1 0 0 0 -1109.05514324367 -2890.94485675632
1 0 0 0 1 0 0 0 1 0 0 0 -1179.50442673377 -2820.49557326623
1 0 0 0 1 0 0 0 1 0 0 0 -1146.54312118569 -2853.4568788143
1 0 0 0 1 0 0 0 1 0 0 0 -1107.42653210147 -2892.57346789852
1 0 0 0 1 0 0 0 1 0 0 0 -1070.29703679963 -2929.70296320036
1 0 0 0 1 0 0 0 1 0 0 0 -903.527752226827 -2896.47224777317
1 0 0 0 1 0 0 0 1 0 0 0 -1352.05191239775 -3247.94808760224
1 0 0 0 1 0 0 0 1 0 0 0 -1120.48365730924 -2879.51634269075
1 0 0 0 1 0 0 0 1 0 0 0 -1446.01041515193 -3153.98958484806
1 0 0 0 1 0 0 0 1 0 0 0 -1456.4185490951 -3143.58145090489
1 0 0 0 1 0 0 0 1 0 0 0 -1127.23724031994 -2872.76275968005
1 0 0 0 1 0 0 0 1 0 0 0 -1000.22324800475 -2799.77675199524
1 0 0 0 1 0 0 0 1 0 0 0 -1004.93329822564 -2795.06670177435
1 0 0 0 1 0 0 0 1 0 0 0 -1432.85777713332 -3167.14222286667
1 0 0 0 1 0 0 0 1 0 0 0 -1435.75245665757 -3164.24754334242
1 0 0 0 1 0 0 0 1 0 0 0 -1450.76678535612 -3149.23321464387
1 0 0 0 1 0 0 0 1 0 0 0 -1130.60147748522 -2869.39852251477
1 0 0 0 1 0 0 0 1 0 0 0 -1419.08196605786 -3180.91803394213
1 0 0 0 1 0 0 0 1 0 0 0 -1410.21614192469 -3189.7838580753
1 0 0 0 1 0 0 0 1 0 0 0 -1003.18377582424 -2796.81622417575
1 0 0 0 1 0 0 0 1 0 0 0 -1387.00973780969 -3212.9902621903
1 0 0 0 1 0 0 0 1 0 0 0 -1079.09080075444 -2920.90919924555
1 0 0 0 1 0 0 0 1 0 0 0 -1017.72442060673 -2982.27557939326
1 0 0 0 1 0 0 0 1 0 0 0 -1009.03739478597 -2990.96260521402
1 0 0 0 1 0 0 0 1 0 0 0 -1025.62559476438 -2974.37440523561
1 0 0 0 1 0 0 0 1 0 0 0 -1020.67417242696 -2979.32582757303
1 0 0 0 1 0 0 0 1 0 0 0 -975.604244440981 -3024.39575555901
1 0 0 0 1 0 0 0 1 0 0 0 -987.840556960396 -3012.1594430396
1 0 0 0 1 0 0 0 1 0 0 0 -1006.27381218578 -2993.72618781421
1 0 0 0 1 0 0 0 1 0 0 0 -929.184579924509 -2870.81542007549
1 0 0 0 1 0 0 0 1 0 0 0 -940.102958380644 -2859.89704161935
1 0 0 0 1 0 0 0 1 0 0 0 -980.651167174809 -2819.34883282519
1 0 0 0 1 0 0 0 1 0 0 0 -1095.76565706451 -2904.23434293548
1 0 0 0 1 0 0 0 1 0 0 0 -1103.54087045434 -2896.45912954565
1 0 0 0 1 0 0 0 1 0 0 0 -1116.31242263977 -2883.68757736023
1 0 0 0 1 0 0 0 1 0 0 0 -1111.93647588633 -2888.06352411366
1 0 0 0 1 0 0 0 1 0 0 0 -1132.8148650867 -2867.18513491329
1 0 0 0 1 0 0 0 1 0 0 0 -1117.84144161525 -2882.15855838474
1 0 0 0 1 0 0 0 1 0 0 0 -1089.76151348733 -2910.23848651266
1 0 0 0 1 0 0 0 1 0 0 0 -1060.75036176092 -2939.24963823907
1 0 0 0 1 0 0 0 1 0 0 0 -1035.41755440922 -2964.58244559077
1 0 0 0 1 0 0 0 1 0 0 0 -1027.60684643179 -2972.3931535682
1 0 0 0 1 0 0 0 1 0 0 0 -1049.31182793157 -2950.68817206842
1 0 0 0 1 0 0 0 1 0 0 0 -1032.63396110081 -2967.36603889918
1 0 0 0 1 0 0 0 1 0 0 0 -1007.35229171397 -2992.64770828602
1 0 0 0 1 0 0 0 1 0 0 0 -1003.41927158376 -2996.58072841623
1 0 0 0 1 0 0 0 1 0 0 0 -943.462826664233 -3056.53717333576
1 0 0 0 1 0 0 0 1 0 0 0 -914.356210572534 -3085.64378942746
1 0 0 0 1 0 0 0 1 0 0 0 -912.954247075476 -3087.04575292452
1 0 0 0 1 0 0 0 1 0 0 0 -897.244153445315 -3102.75584655468
1 0 0 0 1 0 0 0 1 0 0 0 -924.484502698171 -3075.51549730182
1 0 0 0 1 0 0 0 1 0 0 0 -919.635238791924 -3080.36476120807
1 0 0 0 1 0 0 0 1 0 0 0 -918.3561917199 -3081.64380828009
1 0 0 0 1 0 0 0 1 0 0 0 -950.203976598836 -3049.79602340116
1 0 0 0 1 0 0 0 1 0 0 0 -960.194875179609 -3039.80512482039
1 0 0 0 1 0 0 0 1 0 0 0 -956.229188179482 -3043.77081182051
1 0 0 0 1 0 0 0 1 0 0 0 -948.659442711513 -3051.34055728848
1 0 0 0 1 0 0 0 1 0 0 0 -964.600255072172 -3035.39974492782
1 0 0 0 1 0 0 0 1 0 0 0 -1007.88210743791 -2992.11789256208
1 0 0 0 1 0 0 0 1 0 0 0 -1006.27445936426 -2993.72554063573
1 0 0 0 1 0 0 0 1 0 0 0 -926.145393229894 -2873.8546067701
1 0 0 0 1 0 0 0 1 0 0 0 -1028.22933163241 -2971.77066836758
1 0 0 0 1 0 0 0 1 0 0 0 -1040.24882016637 -2959.75117983362
1 0 0 0 1 0 0 0 1 0 0 0 -1056.05502070636 -2943.94497929363
1 0 0 0 1 0 0 0 1 0 0 0 -1094.33781242671 -2905.66218757328
1 0 0 0 1 0 0 0 1 0 0 0 -1096.27634820445 -2903.72365179554
1 0 0 0 1 0 0 0 1 0 0 0 -1010.57857380622 -2789.42142619377
1 0 0 0 1 0 0 0 1 0 0 0 -1114.70046052407 -2885.29953947592
1 0 0 0 1 0 0 0 1 0 0 0 -1106.01257735754 -2893.98742264245
1 0 0 0 1 0 0 0 1 0 0 0 -989.529581337509 -2810.47041866249
1 0 0 0 1 0 0 0 1 0 0 0 -990.307256683598 -2809.6927433164
1 0 0 0 1 0 0 0 1 0 0 0 -1004.04552528124 -2795.95447471875
1 0 0 0 1 0 0 0 1 0 0 0 -1018.11115079143 -2781.88884920856
1 0 0 0 1 0 0 0 1 0 0 0 -1012.41790804765 -2787.58209195234
1 0 0 0 1 0 0 0 1 0 0 0 -1097.29207576633 -2902.70792423366
1 0 0 0 1 0 0 0 1 0 0 0 -1096.10328589259 -2903.8967141074
1 0 0 0 1 0 0 0 1 0 0 0 -1113.63236819477 -2886.36763180522
1 0 0 0 1 0 0 0 1 0 0 0 -1123.48553851536 -2876.51446148463
1 0 0 0 1 0 0 0 1 0 0 0 -1120.82585523676 -2879.17414476323
1 0 0 0 1 0 0 0 1 0 0 0 -1064.02831418034 -2793.66865551662
1 0 0 0 1 0 0 0 1 0 0 0 -1049.25894059991 -2794.01378667281
1 0 0 0 1 0 0 0 1 0 0 0 -1047.86352666815 -2815.54823803773
1 0 0 0 1 0 0 0 1 0 0 0 -1058.49144086289 -2802.44973560769
1 0 0 0 1 0 0 0 1 0 0 0 -1132.39032085138 -2867.60967914861
1 0 0 0 1 0 0 0 1 0 0 0 -1145.10745831375 -2869.89254168624
1 0 0 0 1 0 0 0 1 0 0 0 -1057.5035417764 -2791.27065177198
1 0 0 0 1 0 0 0 1 0 0 0 -1052.39348239568 -2760.25167889463
1 0 0 0 1 0 0 0 1 0 0 0 -1094.46200523279 -2794.20466143387
1 0 0 0 1 0 0 0 1 0 0 0 -1114.34604302299 -2885.653956977
1 0 0 0 1 0 0 0 1 0 0 0 -1062.19542371966 -2816.03987039798
1 0 0 0 1 0 0 0 1 0 0 0 -1083.70115170627 -2789.26854526342
1 0 0 0 1 0 0 0 1 0 0 0 -1155.5055344418 -2844.49446555819
1 0 0 0 1 0 0 0 1 0 0 0 -1165.46265630458 -2834.53734369541
1 0 0 0 1 0 0 0 1 0 0 0 -1203.85255378376 -2796.14744621623
1 0 0 0 1 0 0 0 1 0 0 0 -1232.31293097592 -2767.68706902408
1 0 0 0 1 0 0 0 1 0 0 0 -1250.71274359099 -2749.287256409
1 0 0 0 1 0 0 0 1 0 0 0 -1273.96941294727 -2726.03058705272
1 0 0 0 1 0 0 0 1 0 0 0 -1283.80848142296 -2716.19151857703
1 0 0 0 1 0 0 0 1 0 0 0 -1286.81766486275 -2713.18233513724
1 0 0 0 1 0 0 0 1 0 0 0 -1305.9599659589 -2694.04003404109
1 0 0 0 1 0 0 0 1 0 0 0 -1297.5293613606 -2702.47063863939
1 0 0 0 1 0 0 0 1 0 0 0 -1297.90138760346 -2702.09861239653
1 0 0 0 1 0 0 0 1 0 0 0 -1259.80727280368 -2740.19272719631
1 0 0 0 1 0 0 0 1 0 0 0 -1243.6388021812 -2756.3611978188
1 0 0 0 1 0 0 0 1 0 0 0 -1249.67153580532 -2750.32846419467
1 0 0 0 1 0 0 0 1 0 0 0 -1268.96774846802 -2731.03225153197
1 0 0 0 1 0 0 0 1 0 0 0 -1290.51173879399 -2709.488261206
1 0 0 0 1 0 0 0 1 0 0 0 -1203.16899839111 -2596.83100160888
1 0 0 0 1 0 0 0 1 0 0 0 -1275.2881436604 -2724.71185633959
1 0 0 0 1 0 0 0 1 0 0 0 -1250.45143568515 -2749.54856431484
1 0 0 0 1 0 0 0 1 0 0 0 -1257.8850737286 -2742.11492627139
1 0 0 0 1 0 0 0 1 0 0 0 -1242.6629359455 -2757.33706405449
1 0 0 0 1 0 0 0 1 0 0 0 -1229.33702886392 -2770.66297113607
1 0 0 0 1 0 0 0 1 0 0 0 -1251.60355963072 -2748.39644036927
1 0 0 0 1 0 0 0 1 0 0 0 -1254.98619250267 -2745.01380749732
1 0 0 0 1 0 0 0 1 0 0 0 -1276.72230067325 -2723.27769932674
1 0 0 0 1 0 0 0 1 0 0 0 -1295.40129794828 -2704.59870205171
1 0 0 0 1 0 0 0 1 0 0 0 -1270.39816546946 -2729.60183453053
1 0 0 0 1 0 0 0 1 0 0 0 -1267.2651733276 -2732.73482667239
1 0 0 0 1 0 0 0 1 0 0 0 -1265.70312822106 -2734.29687177893
1 0 0 0 1 0 0 0 1 0 0 0 -1274.12698914209 -2725.87301085791
1 0 0 0 1 0 0 0 1 0 0 0 -1200.33083838635 -2668.11360605808
1 0 0 0 1 0 0 0 1 0 0 0 -1170.68944933748 -2629.31055066251
1 0 0 0 1 0 0 0 1 0 0 0 -1198.56128617483 -2601.43871382516
1 0 0 0 1 0 0 0 1 0 0 0 -1310.72530129693 -2689.27469870306
1 0 0 0 1 0 0 0 1 0 0 0 -1317.0913243985 -2682.90867560149
1 0 0 0 1 0 0 0 1 0 0 0 -1318.21748611518 -2681.78251388481
1 0 0 0 1 0 0 0 1 0 0 0 -1313.56188112351 -2686.43811887648
1 0 0 0 1 0 0 0 1 0 0 0 -1277.85282298533 -2722.14717701466
1 0 0 0 1 0 0 0 1 0 0 0 -1229.06211200052 -2770.93788799947
1 0 0 0 1 0 0 0 1 0 0 0 -1318.34347308112 -2881.65652691887
1 0 0 0 1 0 0 0 1 0 0 0 -1369.05934342015 -2830.94065657984
1 0 0 0 1 0 0 0 1 0 0 0 -1497.98618369872 -2902.01381630127
1 0 0 0 1 0 0 0 1 0 0 0 -1378.64747267288 -2821.35252732711
1 0 0 0 1 0 0 0 1 0 0 0 -1398.09340647852 -2801.90659352147
1 0 0 0 1 0 0 0 1 0 0 0 -1423.81579409202 -2776.18420590797
1 0 0 0 1 0 0 0 1 0 0 0 -1510.4493138744 -2889.55068612559
1 0 0 0 1 0 0 0 1 0 0 0 -1599.11879757177 -3000.88120242822
1 0 0 0 1 0 0 0 1 0 0 0 -1423.68717165109 -2776.3128283489
1 0 0 0 1 0 0 0 1 0 0 0 -1564.02707218446 -2835.97292781553
1 0 0 0 1 0 0 0 1 0 0 0 -1525.29420823665 -2874.70579176334
1 0 0 0 1 0 0 0 1 0 0 0 -1510.0539555203 -2889.94604447969
1 0 0 0 1 0 0 0 1 0 0 0 -1414.74229041647 -2785.25770958352
1 0 0 0 1 0 0 0 1 0 0 0 -1409.98875810566 -2790.01124189433
1 0 0 0 1 0 0 0 1 0 0 0 -1497.29057773279 -2902.7094222672
1 0 0 0 1 0 0 0 1 0 0 0 -1385.98537976562 -2814.01462023437
1 0 0 0 1 0 0 0 1 0 0 0 -1477.13202603491 -2922.86797396508
1 0 0 0 1 0 0 0 1 0 0 0 -1345.88400693735 -2854.11599306264
1 0 0 0 1 0 0 0 1 0 0 0 -1328.44660119492 -2871.55339880507
1 0 0 0 1 0 0 0 1 0 0 0 -1409.22867354081 -2990.77132645918
1 0 0 0 1 0 0 0 1 0 0 0 -1396.35778381666 -3003.64221618333
1 0 0 0 1 0 0 0 1 0 0 0 -1388.40620908657 -3011.59379091342
1 0 0 0 1 0 0 0 1 0 0 0 -1391.270123014 -3008.72987698599
1 0 0 0 1 0 0 0 1 0 0 0 -1398.96943888892 -3001.03056111108
1 0 0 0 1 0 0 0 1 0 0 0 -1380.98459133964 -3019.01540866035
1 0 0 0 1 0 0 0 1 0 0 0 -1393.88054760229 -3065.1194523977
1 0 0 0 1 0 0 0 1 0 0 0 -1368.74806151413 -3031.25193848586
1 0 0 0 1 0 0 0 1 0 0 0 -1284.47831795018 -2986.98834871648
1 0 0 0 1 0 0 0 1 0 0 0 -1305.01431125284 -3094.98568874715
1 0 0 0 1 0 0 0 1 0 0 0 -1185.71662378602 -3014.28337621397
1 0 0 0 1 0 0 0 1 0 0 0 -1101.10545677619 -2898.8945432238
1 0 0 0 1 0 0 0 1 0 0 0 -1416.45808437206 -3183.54191562793
1 0 0 0 1 0 0 0 1 0 0 0 -1444.88169227591 -3155.11830772408
1 0 0 0 1 0 0 0 1 0 0 0 -1430.28561680171 -3051.31438319828
1 0 0 0 1 0 0 0 1 0 0 0 -1417.01245212703 -3031.0565133902
1 0 0 0 1 0 0 0 1 0 0 0 -1391.92659351882 -3058.01090648117
1 0 0 0 1 0 0 0 1 0 0 0 -1329.99341806029 -3071.0065819397
1 0 0 0 1 0 0 0 1 0 0 0 -1353.59883430809 -3122.9011656919
1 0 0 0 1 0 0 0 1 0 0 0 -1189.71224893485 -3088.40539812397
1 0 0 0 1 0 0 0 1 0 0 0 -1207.92347872308 -3072.07652127691
1 0 0 0 1 0 0 0 1 0 0 0 -1336.77909403037 -3109.28542209865
1 0 0 0 1 0 0 0 1 0 0 0 -1131.16358049732 -3068.83641950267
1 0 0 0 1 0 0 0 1 0 0 0 -1372.27910627247 -3227.72089372752
1 0 0 0 1 0 0 0 1 0 0 0 -1357.02459130391 -3100.97540869608
1 0 0 0 1 0 0 0 1 0 0 0 -1308.09102124401 -3091.90897875598
1 0 0 0 1 0 0 0 1 0 0 0 -1339.90517627025 -3079.21982372974
1 0 0 0 1 0 0 0 1 0 0 0 -1402.4909329998 -3197.50906700019
1 0 0 0 1 0 0 0 1 0 0 0 -1169.7405142706 -3030.25948572939
1 0 0 0 1 0 0 0 1 0 0 0 -1333.79193582457 -3066.20806417542
1 0 0 0 1 0 0 0 1 0 0 0 -1262.48649037616 -3026.92527432971
1 0 0 0 1 0 0 0 1 0 0 0 -1249.61958897704 -3047.38041102295
1 0 0 0 1 0 0 0 1 0 0 0 -1181.05381917408 -3042.21890809864
1 0 0 0 1 0 0 0 1 0 0 0 -1300.0071947322 -3145.32613860112
1 0 0 0 1 0 0 0 1 0 0 0 -1193.41845600316 -3050.58154399683
1 0 0 0 1 0 0 0 1 0 0 0 -1195.99090942295 -3054.83261998881
1 0 0 0 1 0 0 0 1 0 0 0 -1266.92144884144 -3133.07855115855
1 0 0 0 1 0 0 0 1 0 0 0 -1170.51285083861 -3029.48714916138
1 0 0 0 1 0 0 0 1 0 0 0 -1294.4595531089 -3105.54044689109
1 0 0 0 1 0 0 0 1 0 0 0 -1308.93398668189 -3091.0660133181
1 0 0 0 1 0 0 0 1 0 0 0 -1247.37941291926 -2952.62058708073
1 0 0 0 1 0 0 0 1 0 0 0 -1346.58910466374 -3053.41089533625
1 0 0 0 1 0 0 0 1 0 0 0 -1235.34285972169 -2964.6571402783
1 0 0 0 1 0 0 0 1 0 0 0 -1338.1735099983 -3061.82649000169
1 0 0 0 1 0 0 0 1 0 0 0 -1393.67217644149 -3006.3278235585
1 0 0 0 1 0 0 0 1 0 0 0 -1399.18628661259 -3000.8137133874
1 0 0 0 1 0 0 0 1 0 0 0 -1413.93332078458 -2986.06667921541
1 0 0 0 1 0 0 0 1 0 0 0 -1420.18756509113 -2979.81243490886
1 0 0 0 1 0 0 0 1 0 0 0 -1448.61117767671 -2951.38882232328
1 0 0 0 1 0 0 0 1 0 0 0 -1383.66453193331 -2816.33546806668
1 0 0 0 1 0 0 0 1 0 0 0 -1374.67088398935 -2825.32911601064
1 0 0 0 1 0 0 0 1 0 0 0 -1363.92867100717 -2836.07132899282
1 0 0 0 1 0 0 0 1 0 0 0 -1374.78988450126 -2825.21011549873
1 0 0 0 1 0 0 0 1 0 0 0 -1462.3161489428 -2937.68385105719
1 0 0 0 1 0 0 0 1 0 0 0 -1360.20137804156 -2839.79862195843
1 0 0 0 1 0 0 0 1 0 0 0 -1369.54023730495 -2830.45976269504
1 0 0 0 1 0 0 0 1 0 0 0 -1360.61258042787 -2839.38741957212
1 0 0 0 1 0 0 0 1 0 0 0 -1347.72508065745 -2852.27491934254
1 0 0 0 1 0 0 0 1 0 0 0 -1336.70867014765 -2863.29132985234
1 0 0 0 1 0 0 0 1 0 0 0 -1254.28308093525 -2945.71691906474
1 0 0 0 1 0 0 0 1 0 0 0 -1133.10576070222 -2866.89423929777
1 0 0 0 1 0 0 0 1 0 0 0 -1317.32577969057 -2882.67422030942
1 0 0 0 1 0 0 0 1 0 0 0 -1301.45104569501 -2898.54895430498
1 0 0 0 1 0 0 0 1 0 0 0 -1168.50817997683 -2831.49182002316
1 0 0 0 1 0 0 0 1 0 0 0 -1275.46399818351 -2924.53600181648
1 0 0 0 1 0 0 0 1 0 0 0 -1093.41139574874 -2906.58860425125
1 0 0 0 1 0 0 0 1 0 0 0 -1258.67310184115 -2941.32689815884
1 0 0 0 1 0 0 0 1 0 0 0 -1233.34584347593 -2966.65415652406
1 0 0 0 1 0 0 0 1 0 0 0 -1200.32446967648 -2999.67553032351
1 0 0 0 1 0 0 0 1 0 0 0 -1199.36198798663 -3000.63801201336
1 0 0 0 1 0 0 0 1 0 0 0 -1227.26127261064 -2972.73872738935
1 0 0 0 1 0 0 0 1 0 0 0 -1231.27121479481 -2968.72878520518
1 0 0 0 1 0 0 0 1 0 0 0 -1264.36986035477 -2935.63013964522
1 0 0 0 1 0 0 0 1 0 0 0 -1284.10500591896 -2915.89499408103
1 0 0 0 1 0 0 0 1 0 0 0 -1271.8327631102 -2928.16723688979
1 0 0 0 1 0 0 0 1 0 0 0 -1288.76845651305 -2911.23154348694
1 0 0 0 1 0 0 0 1 0 0 0 -1317.07091252252 -2882.92908747747
1 0 0 0 1 0 0 0 1 0 0 0 -1298.0599131252 -2901.9400868748
1 0 0 0 1 0 0 0 1 0 0 0 -1288.86285390866 -2911.13714609133
1 0 0 0 1 0 0 0 1 0 0 0 -1276.2174431858 -2923.78255681419
1 0 0 0 1 0 0 0 1 0 0 0 -1311.61111311889 -2888.3888868811
1 0 0 0 1 0 0 0 1 0 0 0 -1295.83014560932 -2904.16985439067
1 0 0 0 1 0 0 0 1 0 0 0 -1304.75950026376 -2895.24049973624
1 0 0 0 1 0 0 0 1 0 0 0 -1327.67693844487 -2872.32306155512
1 0 0 0 1 0 0 0 1 0 0 0 -1351.34670422479 -2848.6532957752
1 0 0 0 1 0 0 0 1 0 0 0 -1361.34452478268 -2838.65547521731
1 0 0 0 1 0 0 0 1 0 0 0 -1357.31335784194 -2842.68664215805
1 0 0 0 1 0 0 0 1 0 0 0 -1265.18362062177 -2734.81637937822
1 0 0 0 1 0 0 0 1 0 0 0 -1267.88896464583 -2732.11103535416
1 0 0 0 1 0 0 0 1 0 0 0 -1270.70008540599 -2729.299914594
1 0 0 0 1 0 0 0 1 0 0 0 -1274.40045648259 -2725.5995435174
1 0 0 0 1 0 0 0 1 0 0 0 -1208.98189350623 -2591.01810649376
1 0 0 0 1 0 0 0 1 0 0 0 -1333.06393944512 -2666.93606055487
1 0 0 0 1 0 0 0 1 0 0 0 -1338.53468994438 -2661.46531005561
1 0 0 0 1 0 0 0 1 0 0 0 -1330.97548822833 -2669.02451177166
1 0 0 0 1 0 0 0 1 0 0 0 -1464.6300983772 -2762.52141677431
1 0 0 0 1 0 0 0 1 0 0 0 -1434.5765522424 -2765.42344775759
1 0 0 0 1 0 0 0 1 0 0 0 -1442.38729977894 -2777.97633658469
1 0 0 0 1 0 0 0 1 0 0 0 -1427.11761839515 -2772.88238160484
1 0 0 0 1 0 0 0 1 0 0 0 -1303.7589317333 -2696.24106826669
1 0 0 0 1 0 0 0 1 0 0 0 -1409.81430101041 -2790.18569898958
1 0 0 0 1 0 0 0 1 0 0 0 -1422.35281993855 -2777.64718006144
1 0 0 0 1 0 0 0 1 0 0 0 -1403.01850519471 -2796.98149480528
1 0 0 0 1 0 0 0 1 0 0 0 -1396.15866029981 -2803.84133970018
1 0 0 0 1 0 0 0 1 0 0 0 -1378.62417579395 -2821.37582420604
1 0 0 0 1 0 0 0 1 0 0 0 -1358.22268198295 -2841.77731801704
1 0 0 0 1 0 0 0 1 0 0 0 -1330.87477356302 -2869.12522643697
1 0 0 0 1 0 0 0 1 0 0 0 -1299.37547284482 -2900.62452715517
1 0 0 0 1 0 0 0 1 0 0 0 -1266.71785703426 -2933.28214296573
1 0 0 0 1 0 0 0 1 0 0 0 -1158.44477173337 -2929.55522826662
1 0 0 0 1 0 0 0 1 0 0 0 -1219.32883769467 -3021.14175054061
1 0 0 0 1 0 0 0 1 0 0 0 -1209.83817983479 -3013.2018201652
1 0 0 0 1 0 0 0 1 0 0 0 -1211.60026800525 -3026.55357814859
1 0 0 0 1 0 0 0 1 0 0 0 -1205.75753470661 -2994.24246529338
1 0 0 0 1 0 0 0 1 0 0 0 -1236.80628908729 -2963.1937109127
1 0 0 0 1 0 0 0 1 0 0 0 -1254.99971192079 -2945.00028807921
1 0 0 0 1 0 0 0 1 0 0 0 -1280.25274733223 -2919.74725266776
1 0 0 0 1 0 0 0 1 0 0 0 -1261.73116129634 -2782.8142932491
1 0 0 0 1 0 0 0 1 0 0 0 -1369.02138222093 -2837.76649656694
1 0 0 0 1 0 0 0 1 0 0 0 -1332.11420554924 -2754.35638268605
1 0 0 0 1 0 0 0 1 0 0 0 -1430.60760192978 -2769.39239807021
1 0 0 0 1 0 0 0 1 0 0 0 -1470.23909238638 -2729.76090761361
1 0 0 0 1 0 0 0 1 0 0 0 -1468.58737945043 -2731.41262054956
1 0 0 0 1 0 0 0 1 0 0 0 -1517.11283424931 -2682.88716575068
1 0 0 0 1 0 0 0 1 0 0 0 -1526.58912415173 -2673.41087584826
1 0 0 0 1 0 0 0 1 0 0 0 -1523.31192249939 -2676.6880775006
1 0 0 0 1 0 0 0 1 0 0 0 -1537.52157263752 -2662.47842736247
1 0 0 0 1 0 0 0 1 0 0 0 -1479.16175721744 -2720.83824278255
1 0 0 0 1 0 0 0 1 0 0 0 -1491.30056940827 -2708.69943059172
1 0 0 0 1 0 0 0 1 0 0 0 -1471.05099206225 -2728.94900793774
1 0 0 0 1 0 0 0 1 0 0 0 -1488.21221558505 -2711.78778441494
1 0 0 0 1 0 0 0 1 0 0 0 -1498.54096369644 -2701.45903630355
1 0 0 0 1 0 0 0 1 0 0 0 -1515.4075492391 -2684.59245076089
1 0 0 0 1 0 0 0 1 0 0 0 -1542.67783244426 -2657.32216755573
1 0 0 0 1 0 0 0 1 0 0 0 -1554.34703933507 -2645.65296066492
1 0 0 0 1 0 0 0 1 0 0 0 -1542.60629677812 -2657.39370322187
1 0 0 0 1 0 0 0 1 0 0 0 -1518.49421327717 -2681.50578672282
1 0 0 0 1 0 0 0 1 0 0 0 -1519.52995489907 -2680.47004510092
1 0 0 0 1 0 0 0 1 0 0 0 -1497.23431727125 -2702.76568272874
1 0 0 0 1 0 0 0 1 0 0 0 -1477.57789649077 -2722.42210350922
1 0 0 0 1 0 0 0 1 0 0 0 -1453.04154260273 -2746.95845739726
1 0 0 0 1 0 0 0 1 0 0 0 -1421.98469362522 -2778.01530637477
1 0 0 0 1 0 0 0 1 0 0 0 -1396.30223713269 -2803.6977628673
1 0 0 0 1 0 0 0 1 0 0 0 -1409.716044874 -2790.28395512599
1 0 0 0 1 0 0 0 1 0 0 0 -1430.96238875694 -2769.03761124305
1 0 0 0 1 0 0 0 1 0 0 0 -1420.23503252398 -2779.76496747601
1 0 0 0 1 0 0 0 1 0 0 0 -1405.2197698853 -2794.78023011469
1 0 0 0 1 0 0 0 1 0 0 0 -1285.78135186466 -2714.21864813533
1 0 0 0 1 0 0 0 1 0 0 0 -1311.60009369386 -2688.39990630613
1 0 0 0 1 0 0 0 1 0 0 0 -1440.90299285231 -2759.09700714768
1 0 0 0 1 0 0 0 1 0 0 0 -1446.5823037132 -2753.41769628679
1 0 0 0 1 0 0 0 1 0 0 0 -1420.91586128218 -2779.08413871781
1 0 0 0 1 0 0 0 1 0 0 0 -1450.46323555295 -2749.53676444704
1 0 0 0 1 0 0 0 1 0 0 0 -1427.30751613778 -2772.69248386221
1 0 0 0 1 0 0 0 1 0 0 0 -1434.24168628777 -2765.75831371222
1 0 0 0 1 0 0 0 1 0 0 0 -1365.39458986534 -2634.60541013465
1 0 0 0 1 0 0 0 1 0 0 0 -1366.5776569952 -2633.42234300479
1 0 0 0 1 0 0 0 1 0 0 0 -1414.68330687891 -2650.61081076814
1 0 0 0 1 0 0 0 1 0 0 0 -1487.32036183483 -2712.67963816516
1 0 0 0 1 0 0 0 1 0 0 0 -1510.88922013748 -2689.11077986251
1 0 0 0 1 0 0 0 1 0 0 0 -1546.3313159167 -2653.66868408329
1 0 0 0 1 0 0 0 1 0 0 0 -1540.95730563068 -2659.04269436931
1 0 0 0 1 0 0 0 1 0 0 0 -1553.10112919205 -2646.89887080794
1 0 0 0 1 0 0 0 1 0 0 0 -1543.61066601601 -2656.38933398398
1 0 0 0 1 0 0 0 1 0 0 0 -1471.76881229172 -2593.52530535533
1 0 0 0 1 0 0 0 1 0 0 0 -1525.33506861056 -2674.66493138943
1 0 0 0 1 0 0 0 1 0 0 0 -1510.34491589124 -2689.65508410875
1 0 0 0 1 0 0 0 1 0 0 0 -1522.11383743485 -2677.88616256515
1 0 0 0 1 0 0 0 1 0 0 0 -1506.83726932155 -2693.16273067844
1 0 0 0 1 0 0 0 1 0 0 0 -1389.13834413279 -2610.8616558672
1 0 0 0 1 0 0 0 1 0 0 0 -1510.72018005071 -2689.27981994928
1 0 0 0 1 0 0 0 1 0 0 0 -1476.27206336866 -2723.72793663133
1 0 0 0 1 0 0 0 1 0 0 0 -1472.06807500068 -2727.93192499931
1 0 0 0 1 0 0 0 1 0 0 0 -1445.96785528546 -2754.03214471453
1 0 0 0 1 0 0 0 1 0 0 0 -1350.48156322671 -2649.51843677328
1 0 0 0 1 0 0 0 1 0 0 0 -1444.98915313879 -2755.0108468612
1 0 0 0 1 0 0 0 1 0 0 0 -1370.40332995795 -2629.59667004204
1 0 0 0 1 0 0 0 1 0 0 0 -1503.59197420159 -2696.4080257984
1 0 0 0 1 0 0 0 1 0 0 0 -1479.52090506953 -2720.47909493046
1 0 0 0 1 0 0 0 1 0 0 0 -1481.25507425205 -2718.74492574794
1 0 0 0 1 0 0 0 1 0 0 0 -1494.54174066586 -2705.45825933414
1 0 0 0 1 0 0 0 1 0 0 0 -1462.51257428027 -2737.48742571972
1 0 0 0 1 0 0 0 1 0 0 0 -1467.39245985894 -2732.60754014105
1 0 0 0 1 0 0 0 1 0 0 0 -1481.31218521344 -2718.68781478655
1 0 0 0 1 0 0 0 1 0 0 0 -1498.24921320675 -2701.75078679324
1 0 0 0 1 0 0 0 1 0 0 0 -1454.83572400883 -2745.16427599116
1 0 0 0 1 0 0 0 1 0 0 0 -1426.75288838155 -2773.24711161844
1 0 0 0 1 0 0 0 1 0 0 0 -1408.29939494865 -2791.70060505134
1 0 0 0 1 0 0 0 1 0 0 0 -1412.17731783595 -2787.82268216404
1 0 0 0 1 0 0 0 1 0 0 0 -1430.23206260429 -2769.7679373957
1 0 0 0 1 0 0 0 1 0 0 0 -1446.54701786224 -2753.45298213775
1 0 0 0 1 0 0 0 1 0 0 0 -1447.03431977432 -2752.96568022567
1 0 0 0 1 0 0 0 1 0 0 0 -1427.71906935228 -2772.28093064771
1 0 0 0 1 0 0 0 1 0 0 0 -1409.15846419025 -2790.84153580974
1 0 0 0 1 0 0 0 1 0 0 0 -1404.55511495714 -2795.44488504285
1 0 0 0 1 0 0 0 1 0 0 0 -1419.68063149539 -2780.3193685046
1 0 0 0 1 0 0 0 1 0 0 0 -1437.95037007148 -2762.04962992851
1 0 0 0 1 0 0 0 1 0 0 0 -1441.65844287536 -2758.34155712463
1 0 0 0 1 0 0 0 1 0 0 0 -1415.64524586339 -2784.3547541366
1 0 0 0 1 0 0 0 1 0 0 0 -1456.62141508359 -2743.3785849164
1 0 0 0 1 0 0 0 1 0 0 0 -1539.21262266573 -2660.78737733426
1 0 0 0 1 0 0 0 1 0 0 0 -1528.31613736504 -2671.68386263495
1 0 0 0 1 0 0 0 1 0 0 0 -1509.67940981102 -2690.32059018897
1 0 0 0 1 0 0 0 1 0 0 0 -1480.56287312695 -2719.43712687304
1 0 0 0 1 0 0 0 1 0 0 0 -1517.06547648752 -2682.93452351247
1 0 0 0 1 0 0 0 1 0 0 0 -1684.87002618154 -2715.12997381845
1 0 0 0 1 0 0 0 1 0 0 0 -1513.72189544964 -2686.27810455035
1 0 0 0 1 0 0 0 1 0 0 0 -1472.7216079409 -2727.27839205909
1 0 0 0 1 0 0 0 1 0 0 0 -1486.39864720185 -2713.60135279814
1 0 0 0 1 0 0 0 1 0 0 0 -1489.13698709355 -2710.86301290644
1 0 0 0 1 0 0 0 1 0 0 0 -1486.55941661471 -2713.44058338528
1 0 0 0 1 0 0 0 1 0 0 0 -1456.75277287506 -2743.24722712493
1 0 0 0 1 0 0 0 1 0 0 0 -1450.21490571475 -2749.78509428524
1 0 0 0 1 0 0 0 1 0 0 0 -1434.46106979561 -2765.53893020438
1 0 0 0 1 0 0 0 1 0 0 0 -1451.51696249084 -2748.48303750915
1 0 0 0 1 0 0 0 1 0 0 0 -1440.11048468993 -2759.88951531006
1 0 0 0 1 0 0 0 1 0 0 0 -1456.13296943231 -2743.86703056768
1 0 0 0 1 0 0 0 1 0 0 0 -1449.58966156842 -2750.41033843157
1 0 0 0 1 0 0 0 1 0 0 0 -1449.34721649043 -2750.65278350956
1 0 0 0 1 0 0 0 1 0 0 0 -1491.28802737947 -2708.71197262052
1 0 0 0 1 0 0 0 1 0 0 0 -1468.77833113042 -2731.22166886957
1 0 0 0 1 0 0 0 1 0 0 0 -1451.19119230423 -2748.80880769576
1 0 0 0 1 0 0 0 1 0 0 0 -1477.07968906469 -2722.9203109353
1 0 0 0 1 0 0 0 1 0 0 0 -1449.39366034832 -2750.60633965167
1 0 0 0 1 0 0 0 1 0 0 0 -1456.53180249482 -2743.46819750517
1 0 0 0 1 0 0 0 1 0 0 0 -1448.70840557827 -2751.29159442172
1 0 0 0 1 0 0 0 1 0 0 0 -1396.638199353 -2803.36180064699
1 0 0 0 1 0 0 0 1 0 0 0 -1379.19037890857 -2820.80962109142
1 0 0 0 1 0 0 0 1 0 0 0 -1363.49611051789 -2836.5038894821
1 0 0 0 1 0 0 0 1 0 0 0 -1371.60435015806 -2828.39564984193
1 0 0 0 1 0 0 0 1 0 0 0 -1362.20692724094 -2837.79307275905
1 0 0 0 1 0 0 0 1 0 0 0 -1347.71239837382 -2852.28760162617
1 0 0 0 1 0 0 0 1 0 0 0 -1347.23809245843 -2852.76190754156
1 0 0 0 1 0 0 0 1 0 0 0 -1350.5723437075 -2849.42765629249
1 0 0 0 1 0 0 0 1 0 0 0 -1334.61989664926 -2865.38010335073
1 0 0 0 1 0 0 0 1 0 0 0 -1347.15636923669 -2852.84363076331
1 0 0 0 1 0 0 0 1 0 0 0 -1352.29824539601 -2847.70175460398
1 0 0 0 1 0 0 0 1 0 0 0 -1348.92763329307 -2851.07236670692
1 0 0 0 1 0 0 0 1 0 0 0 -1329.49338270769 -2870.5066172923
1 0 0 0 1 0 0 0 1 0 0 0 -1363.5542996089 -2836.44570039109
1 0 0 0 1 0 0 0 1 0 0 0 -1379.84671649685 -2820.15328350314
1 0 0 0 1 0 0 0 1 0 0 0 -1383.28074791939 -2816.7192520806
1 0 0 0 1 0 0 0 1 0 0 0 -1383.63840724487 -2816.36159275512
1 0 0 0 1 0 0 0 1 0 0 0 -1350.66903780938 -2849.33096219062
1 0 0 0 1 0 0 0 1 0 0 0 -1350.73393993967 -2849.26606006032
1 0 0 0 1 0 0 0 1 0 0 0 -1325.00151927836 -2874.99848072163
1 0 0 0 1 0 0 0 1 0 0 0 -1379.76230569633 -2820.23769430366
1 0 0 0 1 0 0 0 1 0 0 0 -1310.87962627054 -2889.12037372945
1 0 0 0 1 0 0 0 1 0 0 0 -1294.69411276374 -2905.30588723625
1 0 0 0 1 0 0 0 1 0 0 0 -1276.63959733889 -2923.3604026611
1 0 0 0 1 0 0 0 1 0 0 0 -1246.75701750491 -2953.24298249508
1 0 0 0 1 0 0 0 1 0 0 0 -1144.2655797218 -2855.73442027819
1 0 0 0 1 0 0 0 1 0 0 0 -1239.85917435194 -2960.14082564805
1 0 0 0 1 0 0 0 1 0 0 0 -1271.90093732251 -2928.09906267748
1 0 0 0 1 0 0 0 1 0 0 0 -1222.66645171487 -2977.33354828512
1 0 0 0 1 0 0 0 1 0 0 0 -1262.53800007532 -2937.46199992467
1 0 0 0 1 0 0 0 1 0 0 0 -1251.23151624181 -2948.76848375818
1 0 0 0 1 0 0 0 1 0 0 0 -1268.61301646931 -2931.38698353068
1 0 0 0 1 0 0 0 1 0 0 0 -1283.77156406737 -2916.22843593262
1 0 0 0 1 0 0 0 1 0 0 0 -1297.41276839843 -2902.58723160156
1 0 0 0 1 0 0 0 1 0 0 0 -1269.51390176626 -2930.48609823373
1 0 0 0 1 0 0 0 1 0 0 0 -1246.78687727089 -2953.2131227291
1 0 0 0 1 0 0 0 1 0 0 0 -1260.70732425837 -2939.29267574162
1 0 0 0 1 0 0 0 1 0 0 0 -1270.516583897 -2929.48341610299
1 0 0 0 1 0 0 0 1 0 0 0 -1230.00408149759 -2969.9959185024
1 0 0 0 1 0 0 0 1 0 0 0 -1194.36910307181 -3005.63089692818
1 0 0 0 1 0 0 0 1 0 0 0 -1189.3254167457 -3010.67458325429
1 0 0 0 1 0 0 0 1 0 0 0 -1199.6157279417 -3000.38427205829
1 0 0 0 1 0 0 0 1 0 0 0 -1272.92801541428 -2927.07198458571
1 0 0 0 1 0 0 0 1 0 0 0 -1275.67801184089 -2924.3219881591
1 0 0 0 1 0 0 0 1 0 0 0 -1249.14004763182 -2950.85995236817
1 0 0 0 1 0 0 0 1 0 0 0 -1274.83167915779 -2925.1683208422
1 0 0 0 1 0 0 0 1 0 0 0 -1269.54948263501 -2930.45051736498
1 0 0 0 1 0 0 0 1 0 0 0 -1283.50294084313 -2916.49705915686
1 0 0 0 1 0 0 0 1 0 0 0 -1283.83941483344 -2916.16058516656
1 0 0 0 1 0 0 0 1 0 0 0 -1283.37291660963 -2916.62708339036
1 0 0 0 1 0 0 0 1 0 0 0 -1290.76760983888 -2909.23239016111
1 0 0 0 1 0 0 0 1 0 0 0 -1284.88224291436 -2915.11775708563
1 0 0 0 1 0 0 0 1 0 0 0 -1287.91282252154 -2912.08717747845
1 0 0 0 1 0 0 0 1 0 0 0 -1328.52399991228 -2871.47600008771
1 0 0 0 1 0 0 0 1 0 0 0 -1344.41870017501 -2855.58129982498
1 0 0 0 1 0 0 0 1 0 0 0 -1301.30131174347 -2898.69868825652
1 0 0 0 1 0 0 0 1 0 0 0 -1296.17661929728 -2903.82338070271
1 0 0 0 1 0 0 0 1 0 0 0 -1311.30921476926 -2888.69078523074
1 0 0 0 1 0 0 0 1 0 0 0 -1310.88303514922 -2889.11696485077
1 0 0 0 1 0 0 0 1 0 0 0 -1297.40781654187 -2902.59218345812
1 0 0 0 1 0 0 0 1 0 0 0 -1315.09035181609 -2884.9096481839
1 0 0 0 1 0 0 0 1 0 0 0 -1312.39676650255 -2887.60323349744
1 0 0 0 1 0 0 0 1 0 0 0 -1302.31003671617 -2897.68996328382
1 0 0 0 1 0 0 0 1 0 0 0 -1341.09533842308 -2858.90466157691
1 0 0 0 1 0 0 0 1 0 0 0 -1363.44437312082 -2836.55562687917
1 0 0 0 1 0 0 0 1 0 0 0 -1347.810222084 -2852.18977791599
1 0 0 0 1 0 0 0 1 0 0 0 -1348.63732682854 -2851.36267317145
1 0 0 0 1 0 0 0 1 0 0 0 -1330.4474260111 -2869.55257398889
1 0 0 0 1 0 0 0 1 0 0 0 -1315.53903043913 -2884.46096956086
1 0 0 0 1 0 0 0 1 0 0 0 -1340.63958729799 -2859.360412702
1 0 0 0 1 0 0 0 1 0 0 0 -1333.70193606697 -2866.29806393302
1 0 0 0 1 0 0 0 1 0 0 0 -1348.78638198454 -2851.21361801545
1 0 0 0 1 0 0 0 1 0 0 0 -1370.58084469286 -2829.41915530713
1 0 0 0 1 0 0 0 1 0 0 0 -1392.65532976369 -2807.3446702363
1 0 0 0 1 0 0 0 1 0 0 0 -1390.26835322356 -2809.73164677643
1 0 0 0 1 0 0 0 1 0 0 0 -1377.72126053537 -2822.27873946462
1 0 0 0 1 0 0 0 1 0 0 0 -1378.58797273677 -2821.41202726322
1 0 0 0 1 0 0 0 1 0 0 0 -1366.46353843262 -2833.53646156737
1 0 0 0 1 0 0 0 1 0 0 0 -1371.60378813596 -2828.39621186403
1 0 0 0 1 0 0 0 1 0 0 0 -1373.3437071304 -2826.65629286959
1 0 0 0 1 0 0 0 1 0 0 0 -1384.71080903059 -2815.2891909694
1 0 0 0 1 0 0 0 1 0 0 0 -1368.78384227817 -2831.21615772182
1 0 0 0 1 0 0 0 1 0 0 0 -1367.7226522522 -2832.27734774779
1 0 0 0 1 0 0 0 1 0 0 0 -1373.54580977203 -2826.45419022796
1 0 0 0 1 0 0 0 1 0 0 0 -1366.69900706986 -2833.30099293013
1 0 0 0 1 0 0 0 1 0 0 0 -1393.15873659917 -2806.84126340082
1 0 0 0 1 0 0 0 1 0 0 0 -1406.58957240255 -2793.41042759744
1 0 0 0 1 0 0 0 1 0 0 0 -1414.8707117686 -2785.12928823139
1 0 0 0 1 0 0 0 1 0 0 0 -1404.763519618 -2795.23648038199
1 0 0 0 1 0 0 0 1 0 0 0 -1397.63652217878 -2802.36347782121
1 0 0 0 1 0 0 0 1 0 0 0 -1366.67996897836 -2833.32003102163
1 0 0 0 1 0 0 0 1 0 0 0 -1343.34688432227 -2856.65311567772
1 0 0 0 1 0 0 0 1 0 0 0 -1358.25201233538 -2841.74798766461
1 0 0 0 1 0 0 0 1 0 0 0 -1390.39737375158 -2809.60262624841
1 0 0 0 1 0 0 0 1 0 0 0 -1405.72401380842 -2794.27598619157
1 0 0 0 1 0 0 0 1 0 0 0 -1383.88634965589 -2816.1136503441
1 0 0 0 1 0 0 0 1 0 0 0 -1374.2474175555 -2825.75258244449
1 0 0 0 1 0 0 0 1 0 0 0 -1377.22249390854 -2822.77750609145
1 0 0 0 1 0 0 0 1 0 0 0 -1371.2536698536 -2828.74633014639
1 0 0 0 1 0 0 0 1 0 0 0 -1373.01235517753 -2826.98764482246
1 0 0 0 1 0 0 0 1 0 0 0 -1333.12566975381 -2866.87433024618
1 0 0 0 1 0 0 0 1 0 0 0 -1350.29385790139 -2849.7061420986
1 0 0 0 1 0 0 0 1 0 0 0 -1340.2632643003 -2859.73673569969
1 0 0 0 1 0 0 0 1 0 0 0 -1377.54706900932 -2822.45293099067
1 0 0 0 1 0 0 0 1 0 0 0 -1397.07571516757 -2802.92428483242
1 0 0 0 1 0 0 0 1 0 0 0 -1394.81644378926 -2805.18355621073
1 0 0 0 1 0 0 0 1 0 0 0 -1388.51357719825 -2811.48642280174
1 0 0 0 1 0 0 0 1 0 0 0 -1352.7635795272 -2847.23642047279
1 0 0 0 1 0 0 0 1 0 0 0 -1372.68471293524 -2827.31528706475
1 0 0 0 1 0 0 0 1 0 0 0 -1354.92085471647 -2845.07914528352
1 0 0 0 1 0 0 0 1 0 0 0 -1373.5743567915 -2826.42564320849
1 0 0 0 1 0 0 0 1 0 0 0 -1371.45032657403 -2828.54967342596
1 0 0 0 1 0 0 0 1 0 0 0 -1399.63224468407 -2800.36775531592
1 0 0 0 1 0 0 0 1 0 0 0 -1418.39293515097 -2781.60706484902
1 0 0 0 1 0 0 0 1 0 0 0 -1429.9099690445 -2770.09003095549
1 0 0 0 1 0 0 0 1 0 0 0 -1410.81170996656 -2789.18829003343
1 0 0 0 1 0 0 0 1 0 0 0 -1416.63158162946 -2783.36841837053
1 0 0 0 1 0 0 0 1 0 0 0 -1416.7346885827 -2783.26531141729
1 0 0 0 1 0 0 0 1 0 0 0 -1407.1717523915 -2792.82824760849
1 0 0 0 1 0 0 0 1 0 0 0 -1409.4702961806 -2790.52970381939
1 0 0 0 1 0 0 0 1 0 0 0 -1400.88840550536 -2799.11159449463
1 0 0 0 1 0 0 0 1 0 0 0 -1401.78162060484 -2798.21837939515
1 0 0 0 1 0 0 0 1 0 0 0 -1394.72968815188 -2805.27031184811
1 0 0 0 1 0 0 0 1 0 0 0 -1457.93952893618 -2942.06047106381
1 0 0 0 1 0 0 0 1 0 0 0 -1342.05886291908 -2857.94113708091
1 0 0 0 1 0 0 0 1 0 0 0 -1377.08817605381 -2822.91182394618
1 0 0 0 1 0 0 0 1 0 0 0 -1366.51154758186 -2833.48845241813
1 0 0 0 1 0 0 0 1 0 0 0 -1387.44517349337 -2812.55482650662
1 0 0 0 1 0 0 0 1 0 0 0 -1390.04149796752 -2809.95850203247
1 0 0 0 1 0 0 0 1 0 0 0 -1391.27462448978 -2808.72537551021
1 0 0 0 1 0 0 0 1 0 0 0 -1373.2368828135 -2826.76311718649
1 0 0 0 1 0 0 0 1 0 0 0 -1411.74352954668 -2788.25647045331
1 0 0 0 1 0 0 0 1 0 0 0 -1411.31365479069 -2788.6863452093
1 0 0 0 1 0 0 0 1 0 0 0 -1361.20509855803 -2838.79490144196
1 0 0 0 1 0 0 0 1 0 0 0 -1365.913279728 -2834.08672027199
1 0 0 0 1 0 0 0 1 0 0 0 -1381.20720948176 -2818.79279051823
1 0 0 0 1 0 0 0 1 0 0 0 -1371.56028404979 -2828.4397159502
1 0 0 0 1 0 0 0 1 0 0 0 -1379.98327834851 -2820.01672165148
1 0 0 0 1 0 0 0 1 0 0 0 -1381.4889050661 -2818.51109493389
1 0 0 0 1 0 0 0 1 0 0 0 -1383.47439450417 -2816.52560549582
1 0 0 0 1 0 0 0 1 0 0 0 -1359.42387555779 -2840.5761244422
1 0 0 0 1 0 0 0 1 0 0 0 -1379.86339281688 -2820.13660718311
1 0 0 0 1 0 0 0 1 0 0 0 -1393.51945886731 -2806.48054113268
1 0 0 0 1 0 0 0 1 0 0 0 -1383.4239521768 -2816.57604782319
1 0 0 0 1 0 0 0 1 0 0 0 -1431.45225017167 -2768.54774982832
1 0 0 0 1 0 0 0 1 0 0 0 -1436.36156708507 -2763.63843291492
1 0 0 0 1 0 0 0 1 0 0 0 -1435.80251776412 -2764.19748223587
1 0 0 0 1 0 0 0 1 0 0 0 -1435.5099588568 -2764.49004114319
1 0 0 0 1 0 0 0 1 0 0 0 -1400.38543790778 -2799.61456209221
1 0 0 0 1 0 0 0 1 0 0 0 -1407.55135260971 -2792.44864739028
1 0 0 0 1 0 0 0 1 0 0 0 -1462.28096105596 -2737.71903894403
1 0 0 0 1 0 0 0 1 0 0 0 -1438.36064594581 -2761.63935405418
1 0 0 0 1 0 0 0 1 0 0 0 -1381.06869794573 -2818.93130205426
1 0 0 0 1 0 0 0 1 0 0 0 -1404.97170554383 -2795.02829445616
1 0 0 0 1 0 0 0 1 0 0 0 -1445.43920340411 -2754.56079659588
1 0 0 0 1 0 0 0 1 0 0 0 -1447.4990487601 -2752.50095123989
1 0 0 0 1 0 0 0 1 0 0 0 -1445.5104249684 -2754.48957503159
1 0 0 0 1 0 0 0 1 0 0 0 -1417.45895236969 -2782.5410476303
1 0 0 0 1 0 0 0 1 0 0 0 -1451.6636314827 -2748.33636851729
1 0 0 0 1 0 0 0 1 0 0 0 -1437.87827648105 -2762.12172351894
1 0 0 0 1 0 0 0 1 0 0 0 -1433.96414363784 -2766.03585636215
1 0 0 0 1 0 0 0 1 0 0 0 -1464.38671220503 -2735.61328779496
1 0 0 0 1 0 0 0 1 0 0 0 -1443.05430480882 -2756.94569519117
1 0 0 0 1 0 0 0 1 0 0 0 -1386.33400700503 -2813.66599299497
1 0 0 0 1 0 0 0 1 0 0 0 -1387.60954113491 -2812.39045886508
1 0 0 0 1 0 0 0 1 0 0 0 -1377.85426874667 -2822.14573125332
1 0 0 0 1 0 0 0 1 0 0 0 -1392.75354991945 -2807.24645008054
1 0 0 0 1 0 0 0 1 0 0 0 -1387.5561403147 -2812.44385968529
1 0 0 0 1 0 0 0 1 0 0 0 -1397.57942872865 -2802.42057127134
1 0 0 0 1 0 0 0 1 0 0 0 -1376.72721654113 -2823.27278345886
1 0 0 0 1 0 0 0 1 0 0 0 -1356.31180258847 -2843.68819741152
1 0 0 0 1 0 0 0 1 0 0 0 -1304.90159351146 -2895.09840648853
1 0 0 0 1 0 0 0 1 0 0 0 -1336.2612930875 -2863.73870691249
1 0 0 0 1 0 0 0 1 0 0 0 -1363.65150603912 -2836.34849396087
1 0 0 0 1 0 0 0 1 0 0 0 -1375.75250650984 -2824.24749349015
1 0 0 0 1 0 0 0 1 0 0 0 -1379.83060827969 -2820.1693917203
1 0 0 0 1 0 0 0 1 0 0 0 -1385.67742807722 -2814.32257192277
1 0 0 0 1 0 0 0 1 0 0 0 -1380.87843244891 -2819.12156755108
1 0 0 0 1 0 0 0 1 0 0 0 -1372.75510986263 -2827.24489013736
1 0 0 0 1 0 0 0 1 0 0 0 -1385.7209940974 -2814.27900590259
1 0 0 0 1 0 0 0 1 0 0 0 -1405.88441948537 -2794.11558051462
1 0 0 0 1 0 0 0 1 0 0 0 -1388.53231795955 -2811.46768204044
1 0 0 0 1 0 0 0 1 0 0 0 -1368.74948832367 -2831.25051167632
1 0 0 0 1 0 0 0 1 0 0 0 -1381.40877755088 -2818.59122244911
1 0 0 0 1 0 0 0 1 0 0 0 -1399.88748490071 -2800.11251509928
1 0 0 0 1 0 0 0 1 0 0 0 -1409.0691969707 -2790.9308030293
1 0 0 0 1 0 0 0 1 0 0 0 -1370.58036477483 -2829.41963522516
1 0 0 0 1 0 0 0 1 0 0 0 -1401.39246042426 -2798.60753957574
1 0 0 0 1 0 0 0 1 0 0 0 -1418.75213213276 -2781.24786786723
1 0 0 0 1 0 0 0 1 0 0 0 -1420.05837752235 -2779.94162247764
1 0 0 0 1 0 0 0 1 0 0 0 -1406.67036992276 -2793.32963007723
1 0 0 0 1 0 0 0 1 0 0 0 -1382.86995971757 -2817.13004028243
1 0 0 0 1 0 0 0 1 0 0 0 -1383.54639088464 -2816.45360911535
1 0 0 0 1 0 0 0 1 0 0 0 -1380.90309623445 -2819.09690376554
1 0 0 0 1 0 0 0 1 0 0 0 -1346.61310491493 -2853.38689508506
1 0 0 0 1 0 0 0 1 0 0 0 -1406.22572464248 -2793.77427535751
1 0 0 0 1 0 0 0 1 0 0 0 -1409.57298623929 -2790.4270137607
1 0 0 0 1 0 0 0 1 0 0 0 -1493.88590090355 -2906.11409909644
1 0 0 0 1 0 0 0 1 0 0 0 -1361.98984806741 -2838.01015193258
1 0 0 0 1 0 0 0 1 0 0 0 -1496.01240863274 -2903.98759136725
1 0 0 0 1 0 0 0 1 0 0 0 -1360.52105932039 -2839.47894067961
1 0 0 0 1 0 0 0 1 0 0 0 -1379.90614553019 -2820.0938544698
1 0 0 0 1 0 0 0 1 0 0 0 -1413.93683992832 -2786.06316007167
1 0 0 0 1 0 0 0 1 0 0 0 -1367.170994791 -2832.82900520899
1 0 0 0 1 0 0 0 1 0 0 0 -1364.84261276413 -2835.15738723586
1 0 0 0 1 0 0 0 1 0 0 0 -1348.02188015233 -2851.97811984766
1 0 0 0 1 0 0 0 1 0 0 0 -1356.25873899525 -2843.74126100474
1 0 0 0 1 0 0 0 1 0 0 0 -1342.81561019924 -2857.18438980075
1 0 0 0 1 0 0 0 1 0 0 0 -1370.1762567062 -2829.82374329379
1 0 0 0 1 0 0 0 1 0 0 0 -1357.50287677715 -2842.49712322284
1 0 0 0 1 0 0 0 1 0 0 0 -1342.57174971558 -2857.42825028441
1 0 0 0 1 0 0 0 1 0 0 0 -1373.63740813142 -2826.36259186857
1 0 0 0 1 0 0 0 1 0 0 0 -1369.67745222529 -2830.3225477747
1 0 0 0 1 0 0 0 1 0 0 0 -1359.78311206447 -2840.21688793552
1 0 0 0 1 0 0 0 1 0 0 0 -1393.23494483112 -2806.76505516887
1 0 0 0 1 0 0 0 1 0 0 0 -1434.61723419452 -2765.38276580547
1 0 0 0 1 0 0 0 1 0 0 0 -1404.82018893467 -2795.17981106532
1 0 0 0 1 0 0 0 1 0 0 0 -1379.3120369822 -2820.68796301779
1 0 0 0 1 0 0 0 1 0 0 0 -1380.12202310364 -2819.87797689635
1 0 0 0 1 0 0 0 1 0 0 0 -1384.05340892076 -2815.94659107923
1 0 0 0 1 0 0 0 1 0 0 0 -1419.56903843196 -2780.43096156804
1 0 0 0 1 0 0 0 1 0 0 0 -1422.93454715587 -2777.06545284412
1 0 0 0 1 0 0 0 1 0 0 0 -1423.70884572847 -2776.29115427152
1 0 0 0 1 0 0 0 1 0 0 0 -1377.18198128996 -2822.81801871003
1 0 0 0 1 0 0 0 1 0 0 0 -1372.91623723669 -2827.0837627633
1 0 0 0 1 0 0 0 1 0 0 0 -1410.43372095058 -2789.56627904941
1 0 0 0 1 0 0 0 1 0 0 0 -1423.38691561636 -2776.61308438363
1 0 0 0 1 0 0 0 1 0 0 0 -1413.79699233288 -2786.20300766711
1 0 0 0 1 0 0 0 1 0 0 0 -1363.83737718912 -2836.16262281087
1 0 0 0 1 0 0 0 1 0 0 0 -1359.23360246727 -2840.76639753272
1 0 0 0 1 0 0 0 1 0 0 0 -1395.13405400352 -2804.86594599647
1 0 0 0 1 0 0 0 1 0 0 0 -1357.769073293 -2842.23092670699
1 0 0 0 1 0 0 0 1 0 0 0 -1323.85186105069 -2876.1481389493
1 0 0 0 1 0 0 0 1 0 0 0 -1359.43597427907 -2840.56402572092
1 0 0 0 1 0 0 0 1 0 0 0 -1379.34326704545 -2820.65673295454
1 0 0 0 1 0 0 0 1 0 0 0 -1326.34658048735 -2873.65341951264
1 0 0 0 1 0 0 0 1 0 0 0 -1324.29043225908 -2875.70956774091
1 0 0 0 1 0 0 0 1 0 0 0 -1335.72115479043 -2864.27884520956
1 0 0 0 1 0 0 0 1 0 0 0 -1325.18251164688 -2874.81748835311
1 0 0 0 1 0 0 0 1 0 0 0 -1327.46677824697 -2872.53322175302
1 0 0 0 1 0 0 0 1 0 0 0 -1306.66582442377 -2893.33417557622
1 0 0 0 1 0 0 0 1 0 0 0 -1359.55086390077 -2840.44913609922
1 0 0 0 1 0 0 0 1 0 0 0 -1353.51688766105 -2846.48311233894
1 0 0 0 1 0 0 0 1 0 0 0 -1298.22682415597 -2901.77317584402
1 0 0 0 1 0 0 0 1 0 0 0 -1283.72034707096 -2916.27965292903
1 0 0 0 1 0 0 0 1 0 0 0 -1272.7182006342 -2927.28179936579
1 0 0 0 1 0 0 0 1 0 0 0 -1240.92151291687 -2959.07848708312
1 0 0 0 1 0 0 0 1 0 0 0 -1225.8291858604 -2974.17081413959
1 0 0 0 1 0 0 0 1 0 0 0 -1231.40935585843 -2968.59064414156
1 0 0 0 1 0 0 0 1 0 0 0 -1237.73519300596 -2962.26480699403
1 0 0 0 1 0 0 0 1 0 0 0 -1133.27094939007 -2866.72905060992
1 0 0 0 1 0 0 0 1 0 0 0 -1165.46919177338 -2834.53080822661
1 0 0 0 1 0 0 0 1 0 0 0 -1116.92883400657 -2883.07116599342
1 0 0 0 1 0 0 0 1 0 0 0 -1299.69636635377 -2900.30363364622
1 0 0 0 1 0 0 0 1 0 0 0 -1212.79164338141 -2787.20835661858
1 0 0 0 1 0 0 0 1 0 0 0 -1275.10976704897 -2924.89023295102
1 0 0 0 1 0 0 0 1 0 0 0 -1179.94319907996 -2820.05680092003
1 0 0 0 1 0 0 0 1 0 0 0 -1170.92391504502 -2829.07608495497
1 0 0 0 1 0 0 0 1 0 0 0 -1232.47440720379 -2767.5255927962
1 0 0 0 1 0 0 0 1 0 0 0 -1360.17886802386 -2839.82113197613
1 0 0 0 1 0 0 0 1 0 0 0 -1326.86415018057 -2873.13584981942
1 0 0 0 1 0 0 0 1 0 0 0 -1329.75155010899 -2870.248449891
1 0 0 0 1 0 0 0 1 0 0 0 -1350.49784363738 -2849.50215636261
1 0 0 0 1 0 0 0 1 0 0 0 -1332.72685610401 -2867.27314389598
1 0 0 0 1 0 0 0 1 0 0 0 -1361.6112762503 -2838.38872374969
1 0 0 0 1 0 0 0 1 0 0 0 -1386.04929242824 -2813.95070757175
1 0 0 0 1 0 0 0 1 0 0 0 -1347.60048894004 -2852.39951105995
1 0 0 0 1 0 0 0 1 0 0 0 -1358.51221875889 -2841.4877812411
1 0 0 0 1 0 0 0 1 0 0 0 -1233.84544730741 -2766.15455269258
1 0 0 0 1 0 0 0 1 0 0 0 -1207.6540732586 -2792.34592674139
1 0 0 0 1 0 0 0 1 0 0 0 -1239.81165030409 -2760.1883496959
1 0 0 0 1 0 0 0 1 0 0 0 -1291.56143348383 -2708.43856651616
1 0 0 0 1 0 0 0 1 0 0 0 -1319.59085574506 -2680.40914425493
1 0 0 0 1 0 0 0 1 0 0 0 -1437.72899853372 -2762.27100146627
1 0 0 0 1 0 0 0 1 0 0 0 -1415.46070212413 -2784.53929787586
1 0 0 0 1 0 0 0 1 0 0 0 -1389.54359951647 -2810.45640048352
1 0 0 0 1 0 0 0 1 0 0 0 -1373.27882252682 -2826.72117747317
1 0 0 0 1 0 0 0 1 0 0 0 -1402.48365460332 -2797.51634539667
1 0 0 0 1 0 0 0 1 0 0 0 -1409.19276797629 -2790.8072320237
1 0 0 0 1 0 0 0 1 0 0 0 -1429.49577194257 -2770.50422805742
1 0 0 0 1 0 0 0 1 0 0 0 -1463.69974128717 -2736.30025871282
1 0 0 0 1 0 0 0 1 0 0 0 -1578.60063304124 -2821.39936695875
1 0 0 0 1 0 0 0 1 0 0 0 -1541.74860192346 -2858.25139807653
1 0 0 0 1 0 0 0 1 0 0 0 -1363.49011387971 -2836.50988612028
1 0 0 0 1 0 0 0 1 0 0 0 -1390.9447476282 -2809.05525237179
1 0 0 0 1 0 0 0 1 0 0 0 -1401.38738137296 -2798.61261862703
1 0 0 0 1 0 0 0 1 0 0 0 -1346.41881530401 -2853.58118469598
1 0 0 0 1 0 0 0 1 0 0 0 -1326.9247371655 -2873.07526283449
1 0 0 0 1 0 0 0 1 0 0 0 -1360.50135388114 -2839.49864611885
1 0 0 0 1 0 0 0 1 0 0 0 -1342.4777715527 -2857.52222844729
1 0 0 0 1 0 0 0 1 0 0 0 -1233.7445717426 -2766.25542825739
1 0 0 0 1 0 0 0 1 0 0 0 -1207.16564072745 -2792.83435927254
1 0 0 0 1 0 0 0 1 0 0 0 -1200.85572901744 -2799.14427098255
1 0 0 0 1 0 0 0 1 0 0 0 -1331.70137432028 -2868.29862567971
1 0 0 0 1 0 0 0 1 0 0 0 -1328.22051866308 -2871.77948133691
1 0 0 0 1 0 0 0 1 0 0 0 -1290.71814877191 -2909.28185122808
1 0 0 0 1 0 0 0 1 0 0 0 -1264.4658454715 -2935.53415452849
1 0 0 0 1 0 0 0 1 0 0 0 -1267.47772068517 -2932.52227931482
1 0 0 0 1 0 0 0 1 0 0 0 -1144.84417180296 -2855.15582819703
1 0 0 0 1 0 0 0 1 0 0 0 -1155.14351503417 -2844.85648496582
1 0 0 0 1 0 0 0 1 0 0 0 -1164.69946744584 -2835.30053255415
1 0 0 0 1 0 0 0 1 0 0 0 -1182.85538868561 -2817.14461131438
1 0 0 0 1 0 0 0 1 0 0 0 -1197.7743710597 -2802.22562894029
1 0 0 0 1 0 0 0 1 0 0 0 -1196.97287793319 -2803.0271220668
1 0 0 0 1 0 0 0 1 0 0 0 -1333.37444432998 -2866.62555567001
1 0 0 0 1 0 0 0 1 0 0 0 -1314.82565542356 -2885.17434457643
1 0 0 0 1 0 0 0 1 0 0 0 -1313.60677203739 -2886.3932279626
1 0 0 0 1 0 0 0 1 0 0 0 -1165.21968547121 -2834.78031452878
1 0 0 0 1 0 0 0 1 0 0 0 -1160.22301553336 -2839.77698446663
1 0 0 0 1 0 0 0 1 0 0 0 -1190.78031456039 -2809.2196854396
1 0 0 0 1 0 0 0 1 0 0 0 -1289.53156340041 -2910.46843659958
1 0 0 0 1 0 0 0 1 0 0 0 -1143.34213086185 -2856.65786913814
1 0 0 0 1 0 0 0 1 0 0 0 -1170.64476812343 -2829.35523187657
1 0 0 0 1 0 0 0 1 0 0 0 -1229.4817020072 -2770.51829799279
1 0 0 0 1 0 0 0 1 0 0 0 -1196.13130119279 -2803.8686988072
1 0 0 0 1 0 0 0 1 0 0 0 -1202.66832049441 -2797.33167950558
1 0 0 0 1 0 0 0 1 0 0 0 -1243.44724245017 -2756.55275754982
1 0 0 0 1 0 0 0 1 0 0 0 -1222.10857543856 -2777.89142456144
1 0 0 0 1 0 0 0 1 0 0 0 -1243.29702451307 -2756.70297548692
1 0 0 0 1 0 0 0 1 0 0 0 -1251.90062361687 -2748.09937638312
1 0 0 0 1 0 0 0 1 0 0 0 -1416.12243511209 -2983.87756488791
1 0 0 0 1 0 0 0 1 0 0 0 -1413.13945812102 -2986.86054187898
1 0 0 0 1 0 0 0 1 0 0 0 -1376.63673000532 -2823.36326999467
1 0 0 0 1 0 0 0 1 0 0 0 -1354.46434992744 -2845.53565007255
1 0 0 0 1 0 0 0 1 0 0 0 -1366.61530315765 -2833.38469684234
1 0 0 0 1 0 0 0 1 0 0 0 -1300.9441199891 -2899.05588001089
1 0 0 0 1 0 0 0 1 0 0 0 -1170.81434223389 -2829.1856577661
1 0 0 0 1 0 0 0 1 0 0 0 -1234.24351809898 -2765.75648190101
1 0 0 0 1 0 0 0 1 0 0 0 -1429.308679756 -2770.69132024399
1 0 0 0 1 0 0 0 1 0 0 0 -1477.93360403032 -2722.06639596967
1 0 0 0 1 0 0 0 1 0 0 0 -1452.62982230355 -2747.37017769644
1 0 0 0 1 0 0 0 1 0 0 0 -1450.88010370466 -2749.11989629534
1 0 0 0 1 0 0 0 1 0 0 0 -1432.37319331373 -2767.62680668626
1 0 0 0 1 0 0 0 1 0 0 0 -1465.2943208172 -2734.70567918279
1 0 0 0 1 0 0 0 1 0 0 0 -1481.30970492527 -2718.69029507472
1 0 0 0 1 0 0 0 1 0 0 0 -1488.89634649847 -2711.10365350152
1 0 0 0 1 0 0 0 1 0 0 0 -1453.54572483436 -2746.45427516563
1 0 0 0 1 0 0 0 1 0 0 0 -1440.03656025204 -2759.96343974795
1 0 0 0 1 0 0 0 1 0 0 0 -1314.34747385678 -2685.65252614321
1 0 0 0 1 0 0 0 1 0 0 0 -1304.80069870657 -2695.19930129343
1 0 0 0 1 0 0 0 1 0 0 0 -1316.01814287928 -2683.98185712071
1 0 0 0 1 0 0 0 1 0 0 0 -1330.3238810896 -2669.67611891039
1 0 0 0 1 0 0 0 1 0 0 0 -1399.64893668675 -2600.35106331324
1 0 0 0 1 0 0 0 1 0 0 0 -1550.93088721073 -2649.06911278926
1 0 0 0 1 0 0 0 1 0 0 0 -1371.32617117848 -2628.67382882151
1 0 0 0 1 0 0 0 1 0 0 0 -1371.68219166318 -2628.31780833681
1 0 0 0 1 0 0 0 1 0 0 0 -1478.71500929575 -2721.28499070424
1 0 0 0 1 0 0 0 1 0 0 0 -1330.63107823629 -2669.3689217637
1 0 0 0 1 0 0 0 1 0 0 0 -1286.53152990906 -2713.46847009093
1 0 0 0 1 0 0 0 1 0 0 0 -1290.85299654268 -2709.14700345731
1 0 0 0 1 0 0 0 1 0 0 0 -1320.88416994748 -2679.11583005251
1 0 0 0 1 0 0 0 1 0 0 0 -1396.54449057668 -2603.45550942331
1 0 0 0 1 0 0 0 1 0 0 0 -1374.87495606384 -2625.12504393615
1 0 0 0 1 0 0 0 1 0 0 0 -1384.02293873777 -2615.97706126222
1 0 0 0 1 0 0 0 1 0 0 0 -1401.3044891728 -2598.69551082719
1 0 0 0 1 0 0 0 1 0 0 0 -1525.0203052396 -2674.97969476039
1 0 0 0 1 0 0 0 1 0 0 0 -1585.41435058608 -2614.58564941391
1 0 0 0 1 0 0 0 1 0 0 0 -1699.45848932613 -2700.54151067386
1 0 0 0 1 0 0 0 1 0 0 0 -1689.3658113757 -2710.63418862429
1 0 0 0 1 0 0 0 1 0 0 0 -1645.46061204253 -2754.53938795746
1 0 0 0 1 0 0 0 1 0 0 0 -1550.09632990067 -2649.90367009932
1 0 0 0 1 0 0 0 1 0 0 0 -1521.98981086251 -2678.01018913748
1 0 0 0 1 0 0 0 1 0 0 0 -1525.1763251001 -2674.82367489989
1 0 0 0 1 0 0 0 1 0 0 0 -1519.14429183642 -2680.85570816357
1 0 0 0 1 0 0 0 1 0 0 0 -1507.15092625308 -2692.84907374691
1 0 0 0 1 0 0 0 1 0 0 0 -1492.89550945854 -2707.10449054145
1 0 0 0 1 0 0 0 1 0 0 0 -1421.69276361519 -2778.3072363848
1 0 0 0 1 0 0 0 1 0 0 0 -1390.44508409682 -2809.55491590317
1 0 0 0 1 0 0 0 1 0 0 0 -1346.72806925584 -2853.27193074415
1 0 0 0 1 0 0 0 1 0 0 0 -1324.50259350714 -2875.49740649285
1 0 0 0 1 0 0 0 1 0 0 0 -1312.31762259225 -2887.68237740774
1 0 0 0 1 0 0 0 1 0 0 0 -1368.31881509085 -2831.68118490914
1 0 0 0 1 0 0 0 1 0 0 0 -1379.60683568432 -2820.39316431567
1 0 0 0 1 0 0 0 1 0 0 0 -1373.99951801894 -2826.00048198105
1 0 0 0 1 0 0 0 1 0 0 0 -1394.15494610065 -2805.84505389934
1 0 0 0 1 0 0 0 1 0 0 0 -1408.28944218235 -2791.71055781764
1 0 0 0 1 0 0 0 1 0 0 0 -1426.35724589782 -2773.64275410217
1 0 0 0 1 0 0 0 1 0 0 0 -1424.29709017531 -2775.70290982468
1 0 0 0 1 0 0 0 1 0 0 0 -1492.58837402222 -2707.41162597777
1 0 0 0 1 0 0 0 1 0 0 0 -1522.28247255713 -2677.71752744286
1 0 0 0 1 0 0 0 1 0 0 0 -1458.77531027792 -2741.22468972207
1 0 0 0 1 0 0 0 1 0 0 0 -1464.12307674034 -2735.87692325965
1 0 0 0 1 0 0 0 1 0 0 0 -1551.72986750703 -2648.27013249296
1 0 0 0 1 0 0 0 1 0 0 0 -1544.99140684518 -2655.00859315481
1 0 0 0 1 0 0 0 1 0 0 0 -1537.67124726369 -2662.3287527363
1 0 0 0 1 0 0 0 1 0 0 0 -1478.98676319311 -2721.01323680688
1 0 0 0 1 0 0 0 1 0 0 0 -1468.7526109779 -2731.24738902209
1 0 0 0 1 0 0 0 1 0 0 0 -1565.53295059727 -2834.46704940272
1 0 0 0 1 0 0 0 1 0 0 0 -1490.98248758411 -2709.01751241589
1 0 0 0 1 0 0 0 1 0 0 0 -1420.12917627495 -2779.87082372504
1 0 0 0 1 0 0 0 1 0 0 0 -1387.43799991594 -2812.56200008405
1 0 0 0 1 0 0 0 1 0 0 0 -1486.98117974084 -2713.01882025915
1 0 0 0 1 0 0 0 1 0 0 0 -1385.01752118533 -2814.98247881466
1 0 0 0 1 0 0 0 1 0 0 0 -1333.26596849066 -2866.73403150933
1 0 0 0 1 0 0 0 1 0 0 0 -1375.41128379119 -2824.5887162088
1 0 0 0 1 0 0 0 1 0 0 0 -1369.43685077785 -2830.56314922214
1 0 0 0 1 0 0 0 1 0 0 0 -1340.23535430317 -2859.76464569682
1 0 0 0 1 0 0 0 1 0 0 0 -1333.06684337935 -2866.93315662064
1 0 0 0 1 0 0 0 1 0 0 0 -1383.60723263103 -2816.39276736896
1 0 0 0 1 0 0 0 1 0 0 0 -1460.04439205551 -2739.95560794448
1 0 0 0 1 0 0 0 1 0 0 0 -1445.16672419103 -2754.83327580896
1 0 0 0 1 0 0 0 1 0 0 0 -1431.60206322946 -2768.39793677053
1 0 0 0 1 0 0 0 1 0 0 0 -1437.77754374141 -2762.22245625858
1 0 0 0 1 0 0 0 1 0 0 0 -1383.26284141395 -2816.73715858604
1 0 0 0 1 0 0 0 1 0 0 0 -1413.04669330098 -2786.95330669901
1 0 0 0 1 0 0 0 1 0 0 0 -1528.54940253809 -2671.4505974619
1 0 0 0 1 0 0 0 1 0 0 0 -1553.09639895319 -2646.9036010468
1 0 0 0 1 0 0 0 1 0 0 0 -1451.70333050577 -2748.29666949422
1 0 0 0 1 0 0 0 1 0 0 0 -1501.6085163936 -2698.39148360639
1 0 0 0 1 0 0 0 1 0 0 0 -1651.78290065275 -2748.21709934724
1 0 0 0 1 0 0 0 1 0 0 0 -1514.99276909808 -2685.00723090191
1 0 0 0 1 0 0 0 1 0 0 0 -1518.63788066762 -2681.36211933237
1 0 0 0 1 0 0 0 1 0 0 0 -1488.44383395646 -2711.55616604353
1 0 0 0 1 0 0 0 1 0 0 0 -1472.52514287625 -2727.47485712374
1 0 0 0 1 0 0 0 1 0 0 0 -1465.05921016925 -2734.94078983074
1 0 0 0 1 0 0 0 1 0 0 0 -1456.97755659068 -2743.02244340931
1 0 0 0 1 0 0 0 1 0 0 0 -1455.25887280621 -2744.74112719378
1 0 0 0 1 0 0 0 1 0 0 0 -1413.43259789976 -2786.56740210023
1 0 0 0 1 0 0 0 1 0 0 0 -1482.14725723824 -2717.85274276175
1 0 0 0 1 0 0 0 1 0 0 0 -1446.81169207656 -2753.18830792343
1 0 0 0 1 0 0 0 1 0 0 0 -1427.67268877213 -2772.32731122786
1 0 0 0 1 0 0 0 1 0 0 0 -1402.39636461293 -2797.60363538706
1 0 0 0 1 0 0 0 1 0 0 0 -1407.06909657987 -2792.93090342012
1 0 0 0 1 0 0 0 1 0 0 0 -1399.52548782326 -2800.47451217673
1 0 0 0 1 0 0 0 1 0 0 0 -1511.72265151846 -2688.27734848153
1 0 0 0 1 0 0 0 1 0 0 0 -1486.09940984069 -2713.9005901593
1 0 0 0 1 0 0 0 1 0 0 0 -1362.83184943732 -2837.16815056267
1 0 0 0 1 0 0 0 1 0 0 0 -1381.87360539665 -2818.12639460334
1 0 0 0 1 0 0 0 1 0 0 0 -1421.85416635873 -2778.14583364126
1 0 0 0 1 0 0 0 1 0 0 0 -1375.80726515633 -2824.19273484366
1 0 0 0 1 0 0 0 1 0 0 0 -1360.96408829793 -2839.03591170206