1 0 0 0 1 0 0 0 1 0 0 0 -1366.07248618195 -3633.92751381804
1 0 0 0 1 0 0 0 1 0 0 0 -1354.20014838547 -3645.79985161452
1 0 0 0 1 0 0 0 1 0 0 0 -1337.27026302613 -3662.72973697386
1 0 0 0 1 0 0 0 1 0 0 0 -1333.65958248827 -3666.34041751172
1 0 0 0 1 0 0 0 1 0 0 0 -1346.52833666783 -3653.47166333216
1 0 0 0 1 0 0 0 1 0 0 0 -1327.47902657944 -3672.52097342055
1 0 0 0 1 0 0 0 1 0 0 0 -1302.55795983357 -3697.44204016642
1 0 0 0 1 0 0 0 1 0 0 0 -1289.97064713881 -3710.02935286118
1 0 0 0 1 0 0 0 1 0 0 0 -1302.7844206643 -3697.21557933569
1 0 0 0 1 0 0 0 1 0 0 0 -1224.76102003015 -3575.23897996984
1 0 0 0 1 0 0 0 1 0 0 0 -1132.47738803386 -3467.52261196613
1 0 0 0 1 0 0 0 1 0 0 0 -1229.04849290013 -3570.95150709986
1 0 0 0 1 0 0 0 1 0 0 0 -1319.46575853767 -3680.53424146232
1 0 0 0 1 0 0 0 1 0 0 0 -1339.41887939638 -3660.58112060361
1 0 0 0 1 0 0 0 1 0 0 0 -1268.23581057057 -3531.76418942942
1 0 0 0 1 0 0 0 1 0 0 0 -1296.16848898066 -3503.83151101933
1 0 0 0 1 0 0 0 1 0 0 0 -1413.05754983092 -3586.94245016907
1 0 0 0 1 0 0 0 1 0 0 0 -1416.28999305226 -3583.71000694773
1 0 0 0 1 0 0 0 1 0 0 0 -1423.48466806493 -3576.51533193506
1 0 0 0 1 0 0 0 1 0 0 0 -1431.52500696093 -3568.47499303906
1 0 0 0 1 0 0 0 1 0 0 0 -1437.84795291458 -3562.15204708541
1 0 0 0 1 0 0 0 1 0 0 0 -1435.75157824803 -3564.24842175196
1 0 0 0 1 0 0 0 1 0 0 0 -1433.66014999098 -3566.33985000901
1 0 0 0 1 0 0 0 1 0 0 0 -1426.64285652655 -3573.35714347344
1 0 0 0 1 0 0 0 1 0 0 0 -1423.65696252356 -3576.34303747643
1 0 0 0 1 0 0 0 1 0 0 0 -1432.29193904513 -3567.70806095486
1 0 0 0 1 0 0 0 1 0 0 0 -1447.07041889855 -3552.92958110144
1 0 0 0 1 0 0 0 1 0 0 0 -1445.51734607124 -3554.48265392875
1 0 0 0 1 0 0 0 1 0 0 0 -1441.06340147272 -3558.93659852727
1 0 0 0 1 0 0 0 1 0 0 0 -1439.74599629777 -3560.25400370223
1 0 0 0 1 0 0 0 1 0 0 0 -1462.16403084678 -3580.18891032968
1 0 0 0 1 0 0 0 1 0 0 0 -1470.67110724566 -3592.35919578464
1 0 0 0 1 0 0 0 1 0 0 0 -1460.29783370807 -3580.99248887257
1 0 0 0 1 0 0 0 1 0 0 0 -1427.3454772051 -3572.65452279489
1 0 0 0 1 0 0 0 1 0 0 0 -1356.86837093966 -3263
1 0 0 0 1 0 0 0 1 0 0 0 -1404.97336241964 -3595.02663758035
1 0 0 0 1 0 0 0 1 0 0 0 -1407.468449844 -3592.53155015599
1 0 0 0 1 0 0 0 1 0 0 0 -1413.43842439505 -3586.56157560494
1 0 0 0 1 0 0 0 1 0 0 0 -1123.61378602668 -3276.38621397331
1 0 0 0 1 0 0 0 1 0 0 0 -1127.47707407325 -3272.52292592674
1 0 0 0 1 0 0 0 1 0 0 0 -1134.04539061232 -3265.95460938767
1 0 0 0 1 0 0 0 1 0 0 0 -1131.96462765707 -3268.03537234292
1 0 0 0 1 0 0 0 1 0 0 0 -1429.42578304107 -3570.57421695892
1 0 0 0 1 0 0 0 1 0 0 0 -1009.11926497717 -3190.88073502282
1 0 0 0 1 0 0 0 1 0 0 0 -1000.22693288964 -3199.77306711035
1 0 0 0 1 0 0 0 1 0 0 0 -1104.45999376903 -3295.54000623096
1 0 0 0 1 0 0 0 1 0 0 0 -1110.47300355086 -3289.52699644913
1 0 0 0 1 0 0 0 1 0 0 0 -1122.67246960434 -3277.32753039565
1 0 0 0 1 0 0 0 1 0 0 0 -1129.40351567739 -3270.5964843226
1 0 0 0 1 0 0 0 1 0 0 0 -1035.07885554053 -3164.92114445946
1 0 0 0 1 0 0 0 1 0 0 0 -1029.12941933817 -3170.87058066182
1 0 0 0 1 0 0 0 1 0 0 0 -1129.64437229887 -3270.35562770112
1 0 0 0 1 0 0 0 1 0 0 0 -1129.1240450823 -3270.87595491769
1 0 0 0 1 0 0 0 1 0 0 0 -1111.90623968441 -3288.09376031558
1 0 0 0 1 0 0 0 1 0 0 0 -1103.44684879886 -3296.55315120113
1 0 0 0 1 0 0 0 1 0 0 0 -887.96816451432 -3112.03183548568
1 0 0 0 1 0 0 0 1 0 0 0 -779.661055318667 -3020.33894468133
1 0 0 0 1 0 0 0 1 0 0 0 -772.50178994996 -3027.49821005003
1 0 0 0 1 0 0 0 1 0 0 0 -770.19954046058 -3029.80045953941
1 0 0 0 1 0 0 0 1 0 0 0 -767.858334035026 -3032.14166596497
1 0 0 0 1 0 0 0 1 0 0 0 -768.624873049779 -3031.37512695022
1 0 0 0 1 0 0 0 1 0 0 0 -771.780213263704 -3028.21978673629
1 0 0 0 1 0 0 0 1 0 0 0 -870.623674847687 -3129.37632515231
1 0 0 0 1 0 0 0 1 0 0 0 -869.030413489389 -3130.96958651061
1 0 0 0 1 0 0 0 1 0 0 0 -754.21524027081 -3045.78475972919
1 0 0 0 1 0 0 0 1 0 0 0 -740.071634177299 -3059.9283658227
1 0 0 0 1 0 0 0 1 0 0 0 -500 -2366.4743336438
1 0 0 0 1 0 0 0 1 0 0 0 -500 -2366.51468712459
1 0 0 0 1 0 0 0 1 0 0 0 -500 -2372.91730891199
1 0 0 0 1 0 0 0 1 0 0 0 -500 -2282.23596021829
1 0 0 0 1 0 0 0 1 0 0 0 -500 -2287.27835815907
1 0 0 0 1 0 0 0 1 0 0 0 -500 -2290.45214721291
1 0 0 0 1 0 0 0 1 0 0 0 -500 -2295.42117408348
1 0 0 0 1 0 0 0 1 0 0 0 -500 -2294.55143007648
1 0 0 0 1 0 0 0 1 0 0 0 -500 -2304.38528103374
1 0 0 0 1 0 0 0 1 0 0 0 -500 -2303.79418407149
1 0 0 0 1 0 0 0 1 0 0 0 -500 -2303.98371840719
1 0 0 0 1 0 0 0 1 0 0 0 -500 -2304.62652880426
1 0 0 0 1 0 0 0 1 0 0 0 -500 -2312.36366152961
1 0 0 0 1 0 0 0 1 0 0 0 -500 -2320.49985967509
1 0 0 0 1 0 0 0 1 0 0 0 -500 -2315.1685742021
1 0 0 0 1 0 0 0 1 0 0 0 -500 -2309.96909854994
1 0 0 0 1 0 0 0 1 0 0 0 -500 -2313.3216115585
1 0 0 0 1 0 0 0 1 0 0 0 -500 -2229.12246623514
1 0 0 0 1 0 0 0 1 0 0 0 -500 -2348.56505615771
1 0 0 0 1 0 0 0 1 0 0 0 -500 -2358.62180344857
1 0 0 0 1 0 0 0 1 0 0 0 -500 -2161.37121208908
1 0 0 0 1 0 0 0 1 0 0 0 -500 -2250.50233919998
1 0 0 0 1 0 0 0 1 0 0 0 -500 -2250.41945317858
1 0 0 0 1 0 0 0 1 0 0 0 -500 -2459.4211436367
1 0 0 0 1 0 0 0 1 0 0 0 -500 -2451.36588617934
1 0 0 0 1 0 0 0 1 0 0 0 -500 -2446.20196153488
1 0 0 0 1 0 0 0 1 0 0 0 -500 -2440.48470909938
1 0 0 0 1 0 0 0 1 0 0 0 -771.883366030459 -3228.11663396954
1 0 0 0 1 0 0 0 1 0 0 0 -774.519154341835 -3225.48084565816
1 0 0 0 1 0 0 0 1 0 0 0 -777.688697420587 -3222.31130257941
1 0 0 0 1 0 0 0 1 0 0 0 -774.804596935464 -3225.19540306453
1 0 0 0 1 0 0 0 1 0 0 0 -774.140788090375 -3225.85921190962
1 0 0 0 1 0 0 0 1 0 0 0 -774.553020974283 -3225.44697902571
1 0 0 0 1 0 0 0 1 0 0 0 -766.415571340519 -3233.58442865948
1 0 0 0 1 0 0 0 1 0 0 0 -756.535265633304 -3243.46473436669
1 0 0 0 1 0 0 0 1 0 0 0 -500 -2439.92526292564
1 0 0 0 1 0 0 0 1 0 0 0 -500 -2439.36921742764
1 0 0 0 1 0 0 0 1 0 0 0 -500 -2439.82970089546
1 0 0 0 1 0 0 0 1 0 0 0 -500 -2437.04847678549
1 0 0 0 1 0 0 0 1 0 0 0 -500 -2438.55356805
1 0 0 0 1 0 0 0 1 0 0 0 -500 -2431.66126753987
1 0 0 0 1 0 0 0 1 0 0 0 -500 -2414.74654313673
1 0 0 0 1 0 0 0 1 0 0 0 -500 -2402.9691425121
1 0 0 0 1 0 0 0 1 0 0 0 -500 -2393.10212046174
1 0 0 0 1 0 0 0 1 0 0 0 -500 -2385.52423970094
1 0 0 0 1 0 0 0 1 0 0 0 -500 -2374.37720818553
1 0 0 0 1 0 0 0 1 0 0 0 -500 -2357.10247032174
1 0 0 0 1 0 0 0 1 0 0 0 -1364.298380935 -3635.70161906499
1 0 0 0 1 0 0 0 1 0 0 0 -1384.87267121015 -3615.12732878984
1 0 0 0 1 0 0 0 1 0 0 0 -1400.66331716364 -3599.33668283635
1 0 0 0 1 0 0 0 1 0 0 0 -1416.35001444742 -3583.64998555257
1 0 0 0 1 0 0 0 1 0 0 0 -1424.35835981274 -3575.64164018725
1 0 0 0 1 0 0 0 1 0 0 0 -1429.98634129595 -3570.01365870404
1 0 0 0 1 0 0 0 1 0 0 0 -1427.70424867874 -3572.29575132125
1 0 0 0 1 0 0 0 1 0 0 0 -500 -2281.96388715567
1 0 0 0 1 0 0 0 1 0 0 0 -500 -2291.94238007592
1 0 0 0 1 0 0 0 1 0 0 0 -500 -2297.00637980329
1 0 0 0 1 0 0 0 1 0 0 0 -1390.31220869112 -3609.68779130888
1 0 0 0 1 0 0 0 1 0 0 0 -1398.05652659675 -3601.94347340324
1 0 0 0 1 0 0 0 1 0 0 0 -1408.97841333179 -3591.0215866682
1 0 0 0 1 0 0 0 1 0 0 0 -1415.66458568443 -3584.33541431556
1 0 0 0 1 0 0 0 1 0 0 0 -1414.66238738597 -3585.33761261402
1 0 0 0 1 0 0 0 1 0 0 0 -1421.96179307174 -3578.03820692825
1 0 0 0 1 0 0 0 1 0 0 0 -1427.62271477575 -3572.37728522424
1 0 0 0 1 0 0 0 1 0 0 0 -1423.49625604113 -3576.50374395886
1 0 0 0 1 0 0 0 1 0 0 0 -1420.79409824524 -3579.20590175475
1 0 0 0 1 0 0 0 1 0 0 0 -827.025547815493 -2972.9744521845
1 0 0 0 1 0 0 0 1 0 0 0 -1448.45081953198 -3551.54918046801
1 0 0 0 1 0 0 0 1 0 0 0 -1460.50092691328 -3539.49907308671
1 0 0 0 1 0 0 0 1 0 0 0 -1458.81591819664 -3541.18408180335
1 0 0 0 1 0 0 0 1 0 0 0 -846.307679908595 -2953.6923200914
1 0 0 0 1 0 0 0 1 0 0 0 -836.89676952578 -2963.10323047421
1 0 0 0 1 0 0 0 1 0 0 0 -832.860541393367 -2967.13945860663
1 0 0 0 1 0 0 0 1 0 0 0 -1447.59854225802 -3552.40145774197
1 0 0 0 1 0 0 0 1 0 0 0 -1450.6515909378 -3549.34840906219
1 0 0 0 1 0 0 0 1 0 0 0 -769.684102613386 -2880.74013981085
1 0 0 0 1 0 0 0 1 0 0 0 -1436.73886852935 -3563.26113147064
1 0 0 0 1 0 0 0 1 0 0 0 -1440.28309322725 -3559.71690677274
1 0 0 0 1 0 0 0 1 0 0 0 -1446.23097877972 -3553.76902122027
1 0 0 0 1 0 0 0 1 0 0 0 -1438.15817817175 -3561.84182182825
1 0 0 0 1 0 0 0 1 0 0 0 -1433.07292084528 -3566.92707915471
1 0 0 0 1 0 0 0 1 0 0 0 -1438.39603781226 -3561.60396218773
1 0 0 0 1 0 0 0 1 0 0 0 -1430.7134971261 -3569.28650287389
1 0 0 0 1 0 0 0 1 0 0 0 -1413.96221721525 -3586.03778278474
1 0 0 0 1 0 0 0 1 0 0 0 -1405.24233348371 -3594.75766651628
1 0 0 0 1 0 0 0 1 0 0 0 -1386.07659999933 -3613.92340000067
1 0 0 0 1 0 0 0 1 0 0 0 -1382.96405446463 -3617.03594553537
1 0 0 0 1 0 0 0 1 0 0 0 -1403.17333240596 -3596.82666759403
1 0 0 0 1 0 0 0 1 0 0 0 -1427.0693328847 -3572.93066711529
1 0 0 0 1 0 0 0 1 0 0 0 -1454.37223479326 -3545.62776520673
1 0 0 0 1 0 0 0 1 0 0 0 -1460.30941811318 -3539.69058188681
1 0 0 0 1 0 0 0 1 0 0 0 -1454.35928867754 -3545.64071132245
1 0 0 0 1 0 0 0 1 0 0 0 -1446.18795207318 -3553.81204792681
1 0 0 0 1 0 0 0 1 0 0 0 -1457.10110286034 -3542.89889713965
1 0 0 0 1 0 0 0 1 0 0 0 -1489.46118700751 -3510.53881299248
1 0 0 0 1 0 0 0 1 0 0 0 -1517.87745024905 -3482.12254975094
1 0 0 0 1 0 0 0 1 0 0 0 -1537.75991219243 -3462.24008780756
1 0 0 0 1 0 0 0 1 0 0 0 -1540.86607318301 -3459.13392681698
1 0 0 0 1 0 0 0 1 0 0 0 -1539.01627730466 -3460.98372269533
1 0 0 0 1 0 0 0 1 0 0 0 -1532.06711092371 -3467.93288907628
1 0 0 0 1 0 0 0 1 0 0 0 -1529.27853318121 -3470.72146681878
1 0 0 0 1 0 0 0 1 0 0 0 -1542.92315403013 -3457.07684596986
1 0 0 0 1 0 0 0 1 0 0 0 -1548.99629874877 -3451.00370125122
1 0 0 0 1 0 0 0 1 0 0 0 -1549.2363896152 -3450.76361038479
1 0 0 0 1 0 0 0 1 0 0 0 -1545.9387226205 -3454.0612773795
1 0 0 0 1 0 0 0 1 0 0 0 -1529.83432942435 -3470.16567057564
1 0 0 0 1 0 0 0 1 0 0 0 -1516.67761149749 -3483.3223885025
1 0 0 0 1 0 0 0 1 0 0 0 -1511.12311203946 -3488.87688796053
1 0 0 0 1 0 0 0 1 0 0 0 -1513.10347894554 -3486.89652105445
1 0 0 0 1 0 0 0 1 0 0 0 -1529.70482953455 -3470.29517046544
1 0 0 0 1 0 0 0 1 0 0 0 -1537.73221360293 -3462.26778639706
1 0 0 0 1 0 0 0 1 0 0 0 -1531.22691203832 -3468.77308796167
1 0 0 0 1 0 0 0 1 0 0 0 -1540.63969071513 -3459.36030928486
1 0 0 0 1 0 0 0 1 0 0 0 -1546.02819851324 -3453.97180148675
1 0 0 0 1 0 0 0 1 0 0 0 -1544.44340715018 -3455.55659284981
1 0 0 0 1 0 0 0 1 0 0 0 -1544.5859098793 -3455.41409012069
1 0 0 0 1 0 0 0 1 0 0 0 -1538.74291019999 -3461.2570898
1 0 0 0 1 0 0 0 1 0 0 0 -1530.45317383943 -3469.54682616056
1 0 0 0 1 0 0 0 1 0 0 0 -1536.73878359897 -3463.26121640102
1 0 0 0 1 0 0 0 1 0 0 0 -1544.48059910262 -3455.51940089737
1 0 0 0 1 0 0 0 1 0 0 0 -1550.27655137825 -3449.72344862174
1 0 0 0 1 0 0 0 1 0 0 0 -1548.40914360426 -3451.59085639573
1 0 0 0 1 0 0 0 1 0 0 0 -1539.76826710494 -3460.23173289505
1 0 0 0 1 0 0 0 1 0 0 0 -1538.22021983233 -3461.77978016766
1 0 0 0 1 0 0 0 1 0 0 0 -1534.97707660986 -3465.02292339014
1 0 0 0 1 0 0 0 1 0 0 0 -1534.67526253783 -3465.32473746216
1 0 0 0 1 0 0 0 1 0 0 0 -1539.53779158958 -3460.46220841041
1 0 0 0 1 0 0 0 1 0 0 0 -1534.9241020241 -3465.07589797589
1 0 0 0 1 0 0 0 1 0 0 0 -1522.8743000302 -3477.12569996979
1 0 0 0 1 0 0 0 1 0 0 0 -1513.75100388735 -3486.24899611264
1 0 0 0 1 0 0 0 1 0 0 0 -1498.01841264975 -3501.98158735024
1 0 0 0 1 0 0 0 1 0 0 0 -1476.36193835926 -3523.63806164073
1 0 0 0 1 0 0 0 1 0 0 0 -1466.96349937764 -3533.03650062235
1 0 0 0 1 0 0 0 1 0 0 0 -1458.65822711432 -3541.34177288567
1 0 0 0 1 0 0 0 1 0 0 0 -1463.45740032435 -3536.54259967564
1 0 0 0 1 0 0 0 1 0 0 0 -1459.9163436681 -3540.08365633189
1 0 0 0 1 0 0 0 1 0 0 0 -1454.29709479672 -3545.70290520327
1 0 0 0 1 0 0 0 1 0 0 0 -1454.92911136585 -3545.07088863414
1 0 0 0 1 0 0 0 1 0 0 0 -1456.68377952676 -3543.31622047323
1 0 0 0 1 0 0 0 1 0 0 0 -1454.25524180263 -3545.74475819736
1 0 0 0 1 0 0 0 1 0 0 0 -1447.50378240278 -3552.49621759721
1 0 0 0 1 0 0 0 1 0 0 0 -1443.5964021908 -3556.40359780919
1 0 0 0 1 0 0 0 1 0 0 0 -1447.80213386027 -3552.19786613972
1 0 0 0 1 0 0 0 1 0 0 0 -1452.78145655199 -3547.218543448
1 0 0 0 1 0 0 0 1 0 0 0 -1450.72431402083 -3549.27568597916
1 0 0 0 1 0 0 0 1 0 0 0 -1455.78219469496 -3544.21780530503
1 0 0 0 1 0 0 0 1 0 0 0 -1440.1439897078 -3559.8560102922
1 0 0 0 1 0 0 0 1 0 0 0 -1428.77835588917 -3571.22164411082
1 0 0 0 1 0 0 0 1 0 0 0 -1428.5137907966 -3571.48620920339
1 0 0 0 1 0 0 0 1 0 0 0 -1442.82547305778 -3557.17452694221
1 0 0 0 1 0 0 0 1 0 0 0 -1447.39633274714 -3552.60366725285
1 0 0 0 1 0 0 0 1 0 0 0 -1449.57102318983 -3550.42897681017
1 0 0 0 1 0 0 0 1 0 0 0 -1542.10475284036 -3657.89524715963
1 0 0 0 1 0 0 0 1 0 0 0 -1550.21744146914 -3649.78255853085
1 0 0 0 1 0 0 0 1 0 0 0 -1556.84470019916 -3643.15529980083
1 0 0 0 1 0 0 0 1 0 0 0 -1573.78719389011 -3626.21280610988
1 0 0 0 1 0 0 0 1 0 0 0 -1588.54022777002 -3611.45977222997
1 0 0 0 1 0 0 0 1 0 0 0 -1487.43224494257 -3512.56775505742
1 0 0 0 1 0 0 0 1 0 0 0 -1582.1403336545 -3617.85966634549
1 0 0 0 1 0 0 0 1 0 0 0 -1478.02995343526 -3521.97004656473
1 0 0 0 1 0 0 0 1 0 0 0 -1472.42490327304 -3527.57509672695
1 0 0 0 1 0 0 0 1 0 0 0 -1473.01138767212 -3526.98861232787
1 0 0 0 1 0 0 0 1 0 0 0 -1467.02659905591 -3532.97340094408
1 0 0 0 1 0 0 0 1 0 0 0 -1463.71492938351 -3536.28507061648
1 0 0 0 1 0 0 0 1 0 0 0 -1461.61032517775 -3538.38967482224
1 0 0 0 1 0 0 0 1 0 0 0 -1429.89270309257 -3570.10729690743
1 0 0 0 1 0 0 0 1 0 0 0 -1410.73979716985 -3589.26020283014
1 0 0 0 1 0 0 0 1 0 0 0 -1424.97256901086 -3575.02743098913
1 0 0 0 1 0 0 0 1 0 0 0 -1329.52279491488 -3470.47720508511
1 0 0 0 1 0 0 0 1 0 0 0 -1411.16255268351 -3588.83744731648
1 0 0 0 1 0 0 0 1 0 0 0 -1401.19162061532 -3598.80837938467
1 0 0 0 1 0 0 0 1 0 0 0 -1398.36679251837 -3601.63320748162
1 0 0 0 1 0 0 0 1 0 0 0 -1506.51811946188 -3693.48188053811
1 0 0 0 1 0 0 0 1 0 0 0 -1501.49427359538 -3698.50572640461
1 0 0 0 1 0 0 0 1 0 0 0 -1503.47314247172 -3696.52685752827
1 0 0 0 1 0 0 0 1 0 0 0 -1517.63950511903 -3682.36049488096
1 0 0 0 1 0 0 0 1 0 0 0 -1531.94855321147 -3668.05144678852
1 0 0 0 1 0 0 0 1 0 0 0 -1545.7078255416 -3654.29217445839
1 0 0 0 1 0 0 0 1 0 0 0 -1543.54141567189 -3656.4585843281
1 0 0 0 1 0 0 0 1 0 0 0 -1026.40476702343 -3173.59523297656
1 0 0 0 1 0 0 0 1 0 0 0 -925.738701678264 -3074.26129832173
1 0 0 0 1 0 0 0 1 0 0 0 -921.669717563883 -3078.33028243611
1 0 0 0 1 0 0 0 1 0 0 0 -1419.33037215306 -3580.66962784693
1 0 0 0 1 0 0 0 1 0 0 0 -1406.66623435861 -3593.33376564139
1 0 0 0 1 0 0 0 1 0 0 0 -801.82433221797 -2998.17566778203
1 0 0 0 1 0 0 0 1 0 0 0 -811.13306166241 -2988.86693833758
1 0 0 0 1 0 0 0 1 0 0 0 -825.867851587018 -2974.13214841298
1 0 0 0 1 0 0 0 1 0 0 0 -834.550787224298 -2965.4492127757
1 0 0 0 1 0 0 0 1 0 0 0 -834.795222157329 -2965.20477784267
1 0 0 0 1 0 0 0 1 0 0 0 -723.750532547473 -2876.24946745252
1 0 0 0 1 0 0 0 1 0 0 0 -1396.87344665157 -3603.12655334843
1 0 0 0 1 0 0 0 1 0 0 0 -500 -2308.63693864602
1 0 0 0 1 0 0 0 1 0 0 0 -500 -2296.65166575414
1 0 0 0 1 0 0 0 1 0 0 0 -500 -2296.86067328198
1 0 0 0 1 0 0 0 1 0 0 0 -500 -2309.20068447978
1 0 0 0 1 0 0 0 1 0 0 0 -500 -2324.85702981241
1 0 0 0 1 0 0 0 1 0 0 0 -500 -2301.01187389715
1 0 0 0 1 0 0 0 1 0 0 0 -500 -2289.66210511606
1 0 0 0 1 0 0 0 1 0 0 0 -1512.52763529268 -3687.47236470731
1 0 0 0 1 0 0 0 1 0 0 0 -1503.02118129458 -3696.97881870541
1 0 0 0 1 0 0 0 1 0 0 0 -1490.08192866479 -3709.9180713352
1 0 0 0 1 0 0 0 1 0 0 0 -1486.83470767228 -3713.16529232771
1 0 0 0 1 0 0 0 1 0 0 0 -1476.30804473079 -3723.6919552692
1 0 0 0 1 0 0 0 1 0 0 0 -1459.15726784326 -3740.84273215673
1 0 0 0 1 0 0 0 1 0 0 0 -1460.48418772531 -3739.51581227468
1 0 0 0 1 0 0 0 1 0 0 0 -1447.64465823947 -3752.35534176052
1 0 0 0 1 0 0 0 1 0 0 0 -1340.44874700419 -3659.5512529958
1 0 0 0 1 0 0 0 1 0 0 0 -1331.85617414427 -3668.14382585572
1 0 0 0 1 0 0 0 1 0 0 0 -1427.07495696947 -3772.92504303052
1 0 0 0 1 0 0 0 1 0 0 0 -1426.8506462532 -3773.14935374679
1 0 0 0 1 0 0 0 1 0 0 0 -1421.08806329262 -3778.91193670737
1 0 0 0 1 0 0 0 1 0 0 0 -1318.20827426518 -3681.79172573481
1 0 0 0 1 0 0 0 1 0 0 0 -1312.7868324767 -3687.21316752329
1 0 0 0 1 0 0 0 1 0 0 0 -1301.41547621686 -3698.58452378313
1 0 0 0 1 0 0 0 1 0 0 0 -1301.61852130355 -3698.38147869644
1 0 0 0 1 0 0 0 1 0 0 0 -1403.6813421453 -3796.31865785469
1 0 0 0 1 0 0 0 1 0 0 0 -1412.04144958041 -3787.95855041958
1 0 0 0 1 0 0 0 1 0 0 0 -1413.50882350974 -3786.49117649025
1 0 0 0 1 0 0 0 1 0 0 0 -1414.74235616256 -3785.25764383743
1 0 0 0 1 0 0 0 1 0 0 0 -500 -2375.59161869618
1 0 0 0 1 0 0 0 1 0 0 0 -1438.41639262517 -3761.58360737482
1 0 0 0 1 0 0 0 1 0 0 0 -1442.54112422049 -3757.4588757795
1 0 0 0 1 0 0 0 1 0 0 0 -500 -2356.18574737151
1 0 0 0 1 0 0 0 1 0 0 0 -500 -2351.5270984693
1 0 0 0 1 0 0 0 1 0 0 0 -500 -2338.97676736536
1 0 0 0 1 0 0 0 1 0 0 0 -500 -2315.73100002142
1 0 0 0 1 0 0 0 1 0 0 0 -500 -2300.39133846433
1 0 0 0 1 0 0 0 1 0 0 0 -500 -2189.67335500631
1 0 0 0 1 0 0 0 1 0 0 0 -500 -2171.22525402175
1 0 0 0 1 0 0 0 1 0 0 0 -500 -2259.82470200685
1 0 0 0 1 0 0 0 1 0 0 0 -500 -2259.31460618743
1 0 0 0 1 0 0 0 1 0 0 0 -500 -2268.07978993916
1 0 0 0 1 0 0 0 1 0 0 0 -500 -2275.12930401533
1 0 0 0 1 0 0 0 1 0 0 0 -500 -2184.17071287286
1 0 0 0 1 0 0 0 1 0 0 0 -500 -2185.89827951766
1 0 0 0 1 0 0 0 1 0 0 0 -500 -2189.90227059574
1 0 0 0 1 0 0 0 1 0 0 0 -500 -2204.216579809
1 0 0 0 1 0 0 0 1 0 0 0 -500 -2213.18193018318
1 0 0 0 1 0 0 0 1 0 0 0 -500 -2214.49906087746
1 0 0 0 1 0 0 0 1 0 0 0 -500 -2213.94670461474
1 0 0 0 1 0 0 0 1 0 0 0 -500 -2219.3248117598
1 0 0 0 1 0 0 0 1 0 0 0 -500 -2234.02335913347
1 0 0 0 1 0 0 0 1 0 0 0 -500 -2245.38645405068
1 0 0 0 1 0 0 0 1 0 0 0 -500 -2255.61348109427
1 0 0 0 1 0 0 0 1 0 0 0 -500 -2262.35010604567
1 0 0 0 1 0 0 0 1 0 0 0 -500 -2360.14205690069
1 0 0 0 1 0 0 0 1 0 0 0 -500 -2266.99860553705
1 0 0 0 1 0 0 0 1 0 0 0 -500 -2370.24478065201
1 0 0 0 1 0 0 0 1 0 0 0 -1435.92831553081 -3764.07168446918
1 0 0 0 1 0 0 0 1 0 0 0 -1458.34152231972 -3741.65847768027
1 0 0 0 1 0 0 0 1 0 0 0 -1484.77197658386 -3715.22802341612
1 0 0 0 1 0 0 0 1 0 0 0 -1502.92146409112 -3697.07853590887
1 0 0 0 1 0 0 0 1 0 0 0 -1419.35560192358 -3580.64439807641
1 0 0 0 1 0 0 0 1 0 0 0 -1421.03437159013 -3578.96562840986
1 0 0 0 1 0 0 0 1 0 0 0 -1410.62308031892 -3589.37691968107
1 0 0 0 1 0 0 0 1 0 0 0 -1402.83590695299 -3597.164093047
1 0 0 0 1 0 0 0 1 0 0 0 -1393.55348031743 -3606.44651968256
1 0 0 0 1 0 0 0 1 0 0 0 -1388.48342988566 -3611.51657011433
1 0 0 0 1 0 0 0 1 0 0 0 -1391.60473415611 -3608.39526584388
1 0 0 0 1 0 0 0 1 0 0 0 -1393.18530773048 -3606.81469226951
1 0 0 0 1 0 0 0 1 0 0 0 -1394.74030961095 -3605.25969038904
1 0 0 0 1 0 0 0 1 0 0 0 -1390.59543249634 -3609.40456750366
1 0 0 0 1 0 0 0 1 0 0 0 -1388.32147519817 -3611.67852480182
1 0 0 0 1 0 0 0 1 0 0 0 -1381.47711111793 -3618.52288888206
1 0 0 0 1 0 0 0 1 0 0 0 -1374.82265101114 -3625.17734898885
1 0 0 0 1 0 0 0 1 0 0 0 -1376.50862905689 -3623.4913709431
1 0 0 0 1 0 0 0 1 0 0 0 -1364.79881134642 -3635.20118865357
1 0 0 0 1 0 0 0 1 0 0 0 -1363.13079023645 -3636.86920976354
1 0 0 0 1 0 0 0 1 0 0 0 -1473.00365488865 -3726.99634511134
1 0 0 0 1 0 0 0 1 0 0 0 -1481.88796015031 -3718.11203984968
1 0 0 0 1 0 0 0 1 0 0 0 -1479.6248950891 -3720.37510491089
1 0 0 0 1 0 0 0 1 0 0 0 -1472.42104161486 -3727.57895838513
1 0 0 0 1 0 0 0 1 0 0 0 -1463.26803094621 -3736.73196905378
1 0 0 0 1 0 0 0 1 0 0 0 -1462.72800754172 -3737.27199245827
1 0 0 0 1 0 0 0 1 0 0 0 -1450.9965587994 -3749.00344120059
1 0 0 0 1 0 0 0 1 0 0 0 -1447.82218816241 -3752.17781183758
1 0 0 0 1 0 0 0 1 0 0 0 -500 -2441.98532825856
1 0 0 0 1 0 0 0 1 0 0 0 -1371.95321021011 -3628.04678978988
1 0 0 0 1 0 0 0 1 0 0 0 -1384.07048193469 -3615.9295180653
1 0 0 0 1 0 0 0 1 0 0 0 -500 -2512.57963343504
1 0 0 0 1 0 0 0 1 0 0 0 -1395.14206651827 -3604.85793348172
1 0 0 0 1 0 0 0 1 0 0 0 -1404.30263959448 -3595.69736040551
1 0 0 0 1 0 0 0 1 0 0 0 -500 -2598.11391486816
1 0 0 0 1 0 0 0 1 0 0 0 -523.154050820246 -2676.84594917975
1 0 0 0 1 0 0 0 1 0 0 0 -538.564697922605 -2661.43530207739
1 0 0 0 1 0 0 0 1 0 0 0 -1433.57064951232 -3566.42935048767
1 0 0 0 1 0 0 0 1 0 0 0 -1419.45221525308 -3580.54778474691
1 0 0 0 1 0 0 0 1 0 0 0 -500 -2702.78618094772
1 0 0 0 1 0 0 0 1 0 0 0 -500 -2726.28641352196
1 0 0 0 1 0 0 0 1 0 0 0 -566.671121439523 -2833.32887856047
1 0 0 0 1 0 0 0 1 0 0 0 -571.678224860113 -2828.32177513988
1 0 0 0 1 0 0 0 1 0 0 0 -687.4086278664 -2912.5913721336
1 0 0 0 1 0 0 0 1 0 0 0 -681.998141517067 -2918.00185848293
1 0 0 0 1 0 0 0 1 0 0 0 -763.909035456347 -3036.09096454365
1 0 0 0 1 0 0 0 1 0 0 0 -744.050551285009 -3055.94944871499
1 0 0 0 1 0 0 0 1 0 0 0 -734.165635376324 -3065.83436462367
1 0 0 0 1 0 0 0 1 0 0 0 -731.81956004606 -3068.18043995393
1 0 0 0 1 0 0 0 1 0 0 0 -638.687870316262 -2961.31212968373
1 0 0 0 1 0 0 0 1 0 0 0 -743.838850972846 -3056.16114902715
1 0 0 0 1 0 0 0 1 0 0 0 -753.3992954328 -3046.6007045672
1 0 0 0 1 0 0 0 1 0 0 0 -763.229772194421 -3036.77022780557
1 0 0 0 1 0 0 0 1 0 0 0 -779.018155008828 -3020.98184499117
1 0 0 0 1 0 0 0 1 0 0 0 -799.203082104102 -3000.79691789589
1 0 0 0 1 0 0 0 1 0 0 0 -800.48862058613 -2999.51137941386
1 0 0 0 1 0 0 0 1 0 0 0 -803.339083461051 -2996.66091653894
1 0 0 0 1 0 0 0 1 0 0 0 -794.805414730771 -3005.19458526922
1 0 0 0 1 0 0 0 1 0 0 0 -774.971407657568 -3025.02859234243
1 0 0 0 1 0 0 0 1 0 0 0 -866.681321378611 -3133.31867862138
1 0 0 0 1 0 0 0 1 0 0 0 -862.930795394614 -3137.06920460538
1 0 0 0 1 0 0 0 1 0 0 0 -848.781468892124 -3151.21853110787
1 0 0 0 1 0 0 0 1 0 0 0 -835.201503494457 -3164.79849650554
1 0 0 0 1 0 0 0 1 0 0 0 -828.214357769587 -3171.78564223041
1 0 0 0 1 0 0 0 1 0 0 0 -814.797299544387 -3185.20270045561
1 0 0 0 1 0 0 0 1 0 0 0 -800.198519365552 -3199.80148063444
1 0 0 0 1 0 0 0 1 0 0 0 -801.011798641905 -3198.98820135809
1 0 0 0 1 0 0 0 1 0 0 0 -794.650733825492 -3205.3492661745
1 0 0 0 1 0 0 0 1 0 0 0 -773.439671170874 -3226.56032882912
1 0 0 0 1 0 0 0 1 0 0 0 -853.396507864579 -3346.60349213542
1 0 0 0 1 0 0 0 1 0 0 0 -841.653660450838 -3358.34633954916
1 0 0 0 1 0 0 0 1 0 0 0 -1349.14951016613 -3850.85048983386
1 0 0 0 1 0 0 0 1 0 0 0 -1356.99806723255 -3843.00193276744
1 0 0 0 1 0 0 0 1 0 0 0 -1351.17928901124 -3848.82071098875
1 0 0 0 1 0 0 0 1 0 0 0 -1346.71684700996 -3853.28315299003
1 0 0 0 1 0 0 0 1 0 0 0 -1345.76081316196 -3854.23918683803
1 0 0 0 1 0 0 0 1 0 0 0 -1348.11950999209 -3851.88049000791
1 0 0 0 1 0 0 0 1 0 0 0 -1350.54391302308 -3849.45608697691
1 0 0 0 1 0 0 0 1 0 0 0 -1353.98875476085 -3846.01124523914
1 0 0 0 1 0 0 0 1 0 0 0 -1361.84977927024 -3838.15022072975
1 0 0 0 1 0 0 0 1 0 0 0 -1365.9072272592 -3834.09277274079
1 0 0 0 1 0 0 0 1 0 0 0 -1368.21897688481 -3831.78102311518
1 0 0 0 1 0 0 0 1 0 0 0 -1363.38969709326 -3836.61030290673
1 0 0 0 1 0 0 0 1 0 0 0 -1352.01255424578 -3847.98744575421
1 0 0 0 1 0 0 0 1 0 0 0 -1333.85148639758 -3866.14851360241
1 0 0 0 1 0 0 0 1 0 0 0 -1339.19988253658 -3860.80011746342
1 0 0 0 1 0 0 0 1 0 0 0 -1352.51185613688 -3847.48814386311
1 0 0 0 1 0 0 0 1 0 0 0 -1360.41125142135 -3839.58874857864
1 0 0 0 1 0 0 0 1 0 0 0 -1361.42457862826 -3838.57542137172
1 0 0 0 1 0 0 0 1 0 0 0 -1363.06000832024 -3836.93999167975
1 0 0 0 1 0 0 0 1 0 0 0 -1360.54560386305 -3839.45439613694
1 0 0 0 1 0 0 0 1 0 0 0 -1355.96971847401 -3844.03028152598
1 0 0 0 1 0 0 0 1 0 0 0 -1363.99079091237 -3836.00920908762
1 0 0 0 1 0 0 0 1 0 0 0 -1368.80243491841 -3831.19756508158
1 0 0 0 1 0 0 0 1 0 0 0 -1365.98439356349 -3834.0156064365
1 0 0 0 1 0 0 0 1 0 0 0 -1358.4116357096 -3841.58836429039
1 0 0 0 1 0 0 0 1 0 0 0 -1354.67587587605 -3845.32412412394
1 0 0 0 1 0 0 0 1 0 0 0 -1357.86020845388 -3842.13979154611
1 0 0 0 1 0 0 0 1 0 0 0 -1356.18085108316 -3843.81914891683
1 0 0 0 1 0 0 0 1 0 0 0 -1360.54896266005 -3839.45103733994
1 0 0 0 1 0 0 0 1 0 0 0 -1364.26596632922 -3835.73403367077
1 0 0 0 1 0 0 0 1 0 0 0 -1354.920781175 -3845.07921882499
1 0 0 0 1 0 0 0 1 0 0 0 -1345.0563235804 -3854.94367641959
1 0 0 0 1 0 0 0 1 0 0 0 -1342.65260138516 -3857.34739861483
1 0 0 0 1 0 0 0 1 0 0 0 -1339.39931163854 -3860.60068836145
1 0 0 0 1 0 0 0 1 0 0 0 -1342.03320989008 -3857.96679010991
1 0 0 0 1 0 0 0 1 0 0 0 -1345.77184377527 -3854.22815622472
1 0 0 0 1 0 0 0 1 0 0 0 -1357.92293119068 -3842.07706880931
1 0 0 0 1 0 0 0 1 0 0 0 -1364.68025439289 -3835.3197456071
1 0 0 0 1 0 0 0 1 0 0 0 -1364.18776217944 -3835.81223782056
1 0 0 0 1 0 0 0 1 0 0 0 -1360.72871830509 -3839.2712816949
1 0 0 0 1 0 0 0 1 0 0 0 -1355.80119623149 -3844.1988037685
1 0 0 0 1 0 0 0 1 0 0 0 -1351.68250054241 -3848.31749945758
1 0 0 0 1 0 0 0 1 0 0 0 -1351.46857208736 -3848.53142791263
1 0 0 0 1 0 0 0 1 0 0 0 -1354.61359540629 -3845.3864045937
1 0 0 0 1 0 0 0 1 0 0 0 -1358.7452680478 -3841.25473195219
1 0 0 0 1 0 0 0 1 0 0 0 -1361.13735658269 -3838.8626434173
1 0 0 0 1 0 0 0 1 0 0 0 -1360.53639852063 -3839.46360147936
1 0 0 0 1 0 0 0 1 0 0 0 -1357.98183512374 -3842.01816487625
1 0 0 0 1 0 0 0 1 0 0 0 -1357.06065821489 -3842.9393417851
1 0 0 0 1 0 0 0 1 0 0 0 -1356.70067381358 -3843.29932618641
1 0 0 0 1 0 0 0 1 0 0 0 -1355.1211645078 -3844.87883549219
1 0 0 0 1 0 0 0 1 0 0 0 -1356.02838791971 -3843.97161208028
1 0 0 0 1 0 0 0 1 0 0 0 -1357.20136267051 -3842.79863732948
1 0 0 0 1 0 0 0 1 0 0 0 -1356.22635202758 -3843.77364797241
1 0 0 0 1 0 0 0 1 0 0 0 -1352.94687212951 -3847.05312787049
1 0 0 0 1 0 0 0 1 0 0 0 -1349.60729324766 -3850.39270675233
1 0 0 0 1 0 0 0 1 0 0 0 -1345.80407233698 -3854.19592766301
1 0 0 0 1 0 0 0 1 0 0 0 -1342.91135602042 -3857.08864397957
1 0 0 0 1 0 0 0 1 0 0 0 -1340.27640042906 -3859.72359957093
1 0 0 0 1 0 0 0 1 0 0 0 -1340.3283969359 -3859.67160306409
1 0 0 0 1 0 0 0 1 0 0 0 -1339.51652033967 -3860.48347966032
1 0 0 0 1 0 0 0 1 0 0 0 -1341.53714837859 -3858.4628516214
1 0 0 0 1 0 0 0 1 0 0 0 -1344.06578051994 -3855.93421948005
1 0 0 0 1 0 0 0 1 0 0 0 -1343.03800106438 -3856.96199893561
1 0 0 0 1 0 0 0 1 0 0 0 -1340.75346592909 -3859.2465340709
1 0 0 0 1 0 0 0 1 0 0 0 -1337.58362215309 -3862.4163778469
1 0 0 0 1 0 0 0 1 0 0 0 -1333.14001658904 -3866.85998341095
1 0 0 0 1 0 0 0 1 0 0 0 -1330.17155928677 -3869.82844071322
1 0 0 0 1 0 0 0 1 0 0 0 -1328.39543951709 -3871.6045604829
1 0 0 0 1 0 0 0 1 0 0 0 -1425.33522191341 -3974.66477808658
1 0 0 0 1 0 0 0 1 0 0 0 -1425.03270309638 -3974.96729690361
1 0 0 0 1 0 0 0 1 0 0 0 -1427.93075093044 -3972.06924906956
1 0 0 0 1 0 0 0 1 0 0 0 -1440.42784622769 -3959.5721537723
1 0 0 0 1 0 0 0 1 0 0 0 -1350.43407949161 -3849.56592050838
1 0 0 0 1 0 0 0 1 0 0 0 -1363.34924911426 -3836.65075088573
1 0 0 0 1 0 0 0 1 0 0 0 -1368.04349099839 -3831.9565090016
1 0 0 0 1 0 0 0 1 0 0 0 -1366.04555103025 -3833.95444896974
1 0 0 0 1 0 0 0 1 0 0 0 -1359.67438506254 -3840.32561493745
1 0 0 0 1 0 0 0 1 0 0 0 -1356.37036483771 -3843.62963516228
1 0 0 0 1 0 0 0 1 0 0 0 -1354.57988002772 -3845.42011997227
1 0 0 0 1 0 0 0 1 0 0 0 -1348.02107767534 -3851.97892232465
1 0 0 0 1 0 0 0 1 0 0 0 -1362.09065040517 -3837.90934959482
1 0 0 0 1 0 0 0 1 0 0 0 -1385.08819030399 -3814.911809696
1 0 0 0 1 0 0 0 1 0 0 0 -1389.02620423165 -3810.97379576834
1 0 0 0 1 0 0 0 1 0 0 0 -1382.94804900769 -3817.0519509923
1 0 0 0 1 0 0 0 1 0 0 0 -1372.06279845062 -3827.93720154937
1 0 0 0 1 0 0 0 1 0 0 0 -1369.12601548322 -3830.87398451677
1 0 0 0 1 0 0 0 1 0 0 0 -1373.31132715791 -3826.68867284208
1 0 0 0 1 0 0 0 1 0 0 0 -1391.0178175452 -3808.98218245479
1 0 0 0 1 0 0 0 1 0 0 0 -1400.51539457778 -3799.48460542221
1 0 0 0 1 0 0 0 1 0 0 0 -1403.71946712426 -3796.28053287573
1 0 0 0 1 0 0 0 1 0 0 0 -1305.16366965917 -3694.83633034082
1 0 0 0 1 0 0 0 1 0 0 0 -1312.175551293 -3687.82444870699
1 0 0 0 1 0 0 0 1 0 0 0 -1297.3263274775 -3702.67367252249
1 0 0 0 1 0 0 0 1 0 0 0 -1279.7858590474 -3720.21414095259
1 0 0 0 1 0 0 0 1 0 0 0 -1280.9733003981 -3719.02669960189
1 0 0 0 1 0 0 0 1 0 0 0 -1294.67499138573 -3705.32500861426
1 0 0 0 1 0 0 0 1 0 0 0 -1296.0515551124 -3703.94844488759
1 0 0 0 1 0 0 0 1 0 0 0 -1289.02301521844 -3710.97698478155
1 0 0 0 1 0 0 0 1 0 0 0 -1280.76768806141 -3719.23231193858
1 0 0 0 1 0 0 0 1 0 0 0 -1278.09769750392 -3721.90230249607
1 0 0 0 1 0 0 0 1 0 0 0 -1270.48167975896 -3729.51832024103
1 0 0 0 1 0 0 0 1 0 0 0 -1270.41130733052 -3729.58869266947
1 0 0 0 1 0 0 0 1 0 0 0 -1281.33499492142 -3718.66500507857
1 0 0 0 1 0 0 0 1 0 0 0 -1306.8771548695 -3693.12284513049
1 0 0 0 1 0 0 0 1 0 0 0 -1315.37218173938 -3684.62781826061
1 0 0 0 1 0 0 0 1 0 0 0 -1318.99585192901 -3681.00414807098
1 0 0 0 1 0 0 0 1 0 0 0 -1229.22664186732 -3570.77335813267
1 0 0 0 1 0 0 0 1 0 0 0 -1222.11799886894 -3577.88200113105
1 0 0 0 1 0 0 0 1 0 0 0 -1220.51430200917 -3579.48569799082
1 0 0 0 1 0 0 0 1 0 0 0 -1233.5492802658 -3566.45071973419
1 0 0 0 1 0 0 0 1 0 0 0 -1242.08592955562 -3557.91407044438
1 0 0 0 1 0 0 0 1 0 0 0 -1236.17921722495 -3563.82078277504
1 0 0 0 1 0 0 0 1 0 0 0 -1333.82402180757 -3666.17597819242
1 0 0 0 1 0 0 0 1 0 0 0 -1331.49681967163 -3668.50318032836
1 0 0 0 1 0 0 0 1 0 0 0 -1327.18283290831 -3672.81716709168
1 0 0 0 1 0 0 0 1 0 0 0 -1336.86140822053 -3663.13859177946
1 0 0 0 1 0 0 0 1 0 0 0 -1451.33351383497 -3748.66648616502
1 0 0 0 1 0 0 0 1 0 0 0 -1346.54870906662 -3653.45129093337
1 0 0 0 1 0 0 0 1 0 0 0 -1352.94915005616 -3647.05084994383
1 0 0 0 1 0 0 0 1 0 0 0 -1371.20826272811 -3628.79173727188
1 0 0 0 1 0 0 0 1 0 0 0 -1362.23403097798 -3637.76596902201
1 0 0 0 1 0 0 0 1 0 0 0 -1230.07473759863 -3569.92526240136
1 0 0 0 1 0 0 0 1 0 0 0 -1206.64373048742 -3593.35626951257
1 0 0 0 1 0 0 0 1 0 0 0 -1305.72487530347 -3694.27512469652
1 0 0 0 1 0 0 0 1 0 0 0 -1329.09678148027 -3670.90321851972
1 0 0 0 1 0 0 0 1 0 0 0 -1354.51878765464 -3645.48121234535
1 0 0 0 1 0 0 0 1 0 0 0 -1354.80290805061 -3645.19709194938
1 0 0 0 1 0 0 0 1 0 0 0 -1234.90835992392 -3565.09164007607
1 0 0 0 1 0 0 0 1 0 0 0 -1335.39956643625 -3664.60043356375
1 0 0 0 1 0 0 0 1 0 0 0 -1254.72066093645 -3545.27933906354
1 0 0 0 1 0 0 0 1 0 0 0 -1245.78681470577 -3554.21318529422
1 0 0 0 1 0 0 0 1 0 0 0 -1227.96207210385 -3572.03792789614
1 0 0 0 1 0 0 0 1 0 0 0 -1230.21435232743 -3569.78564767256
1 0 0 0 1 0 0 0 1 0 0 0 -1267.96650201403 -3532.03349798596
1 0 0 0 1 0 0 0 1 0 0 0 -1192.53503220736 -3407.46496779263
1 0 0 0 1 0 0 0 1 0 0 0 -1306.96589106014 -3493.03410893985
1 0 0 0 1 0 0 0 1 0 0 0 -1306.01726086452 -3493.98273913547
1 0 0 0 1 0 0 0 1 0 0 0 -1408.95189747349 -3591.0481025265
1 0 0 0 1 0 0 0 1 0 0 0 -1425.76694733416 -3574.23305266583
1 0 0 0 1 0 0 0 1 0 0 0 -1545.23671089759 -3654.7632891024
1 0 0 0 1 0 0 0 1 0 0 0 -1566.19001487567 -3633.80998512432
1 0 0 0 1 0 0 0 1 0 0 0 -1575.77478367991 -3624.22521632008
1 0 0 0 1 0 0 0 1 0 0 0 -1578.0277148327 -3621.97228516729
1 0 0 0 1 0 0 0 1 0 0 0 -1590.22069599564 -3609.77930400435
1 0 0 0 1 0 0 0 1 0 0 0 -1595.34085344865 -3604.65914655134
1 0 0 0 1 0 0 0 1 0 0 0 -1507.80462096365 -3492.19537903634
1 0 0 0 1 0 0 0 1 0 0 0 -1527.99839475394 -3472.00160524605
1 0 0 0 1 0 0 0 1 0 0 0 -1548.5177855481 -3451.48221445189
1 0 0 0 1 0 0 0 1 0 0 0 -1572.47825798882 -3427.52174201117
1 0 0 0 1 0 0 0 1 0 0 0 -1587.87427948266 -3412.12572051733
1 0 0 0 1 0 0 0 1 0 0 0 -1593.57519196487 -3406.42480803512
1 0 0 0 1 0 0 0 1 0 0 0 -1588.79728326987 -3411.20271673012
1 0 0 0 1 0 0 0 1 0 0 0 -1583.4697944346 -3416.5302055654
1 0 0 0 1 0 0 0 1 0 0 0 -1580.88577074468 -3419.11422925531
1 0 0 0 1 0 0 0 1 0 0 0 -1572.9863426812 -3427.01365731879
1 0 0 0 1 0 0 0 1 0 0 0 -1548.74473624301 -3451.25526375698
1 0 0 0 1 0 0 0 1 0 0 0 -1517.43852827188 -3482.56147172811
1 0 0 0 1 0 0 0 1 0 0 0 -1510.93466617192 -3489.06533382807
1 0 0 0 1 0 0 0 1 0 0 0 -1607.04305336104 -3592.95694663895
1 0 0 0 1 0 0 0 1 0 0 0 -1596.94886766255 -3603.05113233744
1 0 0 0 1 0 0 0 1 0 0 0 -1590.38148182612 -3609.61851817387
1 0 0 0 1 0 0 0 1 0 0 0 -1573.08110731134 -3626.91889268865
1 0 0 0 1 0 0 0 1 0 0 0 -1483.27039296229 -3516.7296070377
1 0 0 0 1 0 0 0 1 0 0 0 -1396.08042582543 -3403.91957417456
1 0 0 0 1 0 0 0 1 0 0 0 -1399.21030555781 -3400.78969444218
1 0 0 0 1 0 0 0 1 0 0 0 -1400.23311128764 -3399.76688871236
1 0 0 0 1 0 0 0 1 0 0 0 -1498.94076376481 -3501.05923623518
1 0 0 0 1 0 0 0 1 0 0 0 -1405.20321363615 -3394.79678636384
1 0 0 0 1 0 0 0 1 0 0 0 -1317.59186625339 -3282.4081337466
1 0 0 0 1 0 0 0 1 0 0 0 -1328.18791680324 -3271.81208319675
1 0 0 0 1 0 0 0 1 0 0 0 -1325.49402615752 -3274.50597384247
1 0 0 0 1 0 0 0 1 0 0 0 -1323.51277225098 -3276.48722774901
1 0 0 0 1 0 0 0 1 0 0 0 -1330.35206958083 -3269.64793041916
1 0 0 0 1 0 0 0 1 0 0 0 -1340.68073710312 -3259.31926289687
1 0 0 0 1 0 0 0 1 0 0 0 -1343.02856251785 -3256.97143748214
1 0 0 0 1 0 0 0 1 0 0 0 -1344.14418679481 -3255.85581320518
1 0 0 0 1 0 0 0 1 0 0 0 -1365.13517802141 -3278.50118561494
1 0 0 0 1 0 0 0 1 0 0 0 -1341.44510619823 -3258.55489380176
1 0 0 0 1 0 0 0 1 0 0 0 -1438.09066774037 -3361.90933225962
1 0 0 0 1 0 0 0 1 0 0 0 -1438.48265455846 -3361.51734544153
1 0 0 0 1 0 0 0 1 0 0 0 -1547.04031034448 -3452.95968965551
1 0 0 0 1 0 0 0 1 0 0 0 -1546.06656552501 -3453.93343447498
1 0 0 0 1 0 0 0 1 0 0 0 -1538.82988612112 -3461.17011387887
1 0 0 0 1 0 0 0 1 0 0 0 -1509.18902810814 -3490.81097189185
1 0 0 0 1 0 0 0 1 0 0 0 -1399.08187112915 -3400.91812887084
1 0 0 0 1 0 0 0 1 0 0 0 -1390.27477885729 -3409.7252211427
1 0 0 0 1 0 0 0 1 0 0 0 -1387.30043052517 -3412.69956947482
1 0 0 0 1 0 0 0 1 0 0 0 -1399.64696906569 -3400.3530309343
1 0 0 0 1 0 0 0 1 0 0 0 -1515.69991142203 -3484.30008857796
1 0 0 0 1 0 0 0 1 0 0 0 -1541.00968800643 -3458.99031199356
1 0 0 0 1 0 0 0 1 0 0 0 -1547.81862043911 -3452.18137956088
1 0 0 0 1 0 0 0 1 0 0 0 -1548.06908750293 -3451.93091249706
1 0 0 0 1 0 0 0 1 0 0 0 -1548.21749700148 -3451.78250299851
1 0 0 0 1 0 0 0 1 0 0 0 -1575.2374019215 -3457.48987080577
1 0 0 0 1 0 0 0 1 0 0 0 -1572.02729897015 -3427.97270102984
1 0 0 0 1 0 0 0 1 0 0 0 -1587.89260024355 -3412.10739975644
1 0 0 0 1 0 0 0 1 0 0 0 -1596.12189687968 -3403.87810312031
1 0 0 0 1 0 0 0 1 0 0 0 -1598.72114282333 -3401.27885717666
1 0 0 0 1 0 0 0 1 0 0 0 -1603.03471151965 -3396.96528848034
1 0 0 0 1 0 0 0 1 0 0 0 -1598.25103441293 -3401.74896558706
1 0 0 0 1 0 0 0 1 0 0 0 -1588.01646865806 -3411.98353134194
1 0 0 0 1 0 0 0 1 0 0 0 -1569.93436667361 -3430.06563332638
1 0 0 0 1 0 0 0 1 0 0 0 -1562.16450943476 -3437.83549056523
1 0 0 0 1 0 0 0 1 0 0 0 -1545.41344247674 -3454.58655752325
1 0 0 0 1 0 0 0 1 0 0 0 -1532.49974042888 -3467.50025957111
1 0 0 0 1 0 0 0 1 0 0 0 -1529.32007854809 -3470.6799214519
1 0 0 0 1 0 0 0 1 0 0 0 -1543.62865032581 -3456.37134967418
1 0 0 0 1 0 0 0 1 0 0 0 -1569.7002582143 -3430.29974178569
1 0 0 0 1 0 0 0 1 0 0 0 -1586.75024901769 -3413.2497509823
1 0 0 0 1 0 0 0 1 0 0 0 -1606.70947577112 -3393.29052422887
1 0 0 0 1 0 0 0 1 0 0 0 -1632.79038965801 -3367.20961034198
1 0 0 0 1 0 0 0 1 0 0 0 -1646.35738559617 -3353.64261440382
1 0 0 0 1 0 0 0 1 0 0 0 -1668.42352928369 -3359.45525859508
1 0 0 0 1 0 0 0 1 0 0 0 -1652.71354408953 -3347.28645591046
1 0 0 0 1 0 0 0 1 0 0 0 -1656.50918105321 -3343.49081894678
1 0 0 0 1 0 0 0 1 0 0 0 -1660.69428496732 -3339.30571503267
1 0 0 0 1 0 0 0 1 0 0 0 -1662.34870052619 -3337.6512994738
1 0 0 0 1 0 0 0 1 0 0 0 -1481.78776694837 -3164.0304148698
1 0 0 0 1 0 0 0 1 0 0 0 -1442.51473791867 -3157.48526208132
1 0 0 0 1 0 0 0 1 0 0 0 -1444.3966465528 -3155.60335344719
1 0 0 0 1 0 0 0 1 0 0 0 -1662.8834606536 -3337.11653934639
1 0 0 0 1 0 0 0 1 0 0 0 -1656.80121202979 -3343.1987879702
1 0 0 0 1 0 0 0 1 0 0 0 -1640.945757014 -3359.05424298599
1 0 0 0 1 0 0 0 1 0 0 0 -1657.85791992711 -3342.14208007288
1 0 0 0 1 0 0 0 1 0 0 0 -1696.7836948951 -3303.21630510489
1 0 0 0 1 0 0 0 1 0 0 0 -1708.47489697747 -3291.52510302252
1 0 0 0 1 0 0 0 1 0 0 0 -1704.93470539679 -3295.0652946032
1 0 0 0 1 0 0 0 1 0 0 0 -1713.75740875001 -3286.24259124998
1 0 0 0 1 0 0 0 1 0 0 0 -1731.74356612795 -3292.7725629043
1 0 0 0 1 0 0 0 1 0 0 0 -1674.02334935284 -3239.97665064715
1 0 0 0 1 0 0 0 1 0 0 0 -1722.20587011965 -3277.79412988034
1 0 0 0 1 0 0 0 1 0 0 0 -1727.8965857953 -3272.10341420469
1 0 0 0 1 0 0 0 1 0 0 0 -1728.30828551499 -3271.691714485
1 0 0 0 1 0 0 0 1 0 0 0 -1600.90033880804 -3199.09966119195
1 0 0 0 1 0 0 0 1 0 0 0 -1579.95371308821 -3220.04628691178
1 0 0 0 1 0 0 0 1 0 0 0 -1574.21784243879 -3225.7821575612
1 0 0 0 1 0 0 0 1 0 0 0 -1576.24333704663 -3223.75666295336
1 0 0 0 1 0 0 0 1 0 0 0 -1550.01360206314 -3249.98639793685
1 0 0 0 1 0 0 0 1 0 0 0 -1597.41784794926 -3402.58215205073
1 0 0 0 1 0 0 0 1 0 0 0 -1385.88405011594 -3214.11594988405
1 0 0 0 1 0 0 0 1 0 0 0 -1632.96113124802 -3367.03886875198
1 0 0 0 1 0 0 0 1 0 0 0 -1667.02084872703 -3332.97915127296
1 0 0 0 1 0 0 0 1 0 0 0 -1659.16769302729 -3340.8323069727
1 0 0 0 1 0 0 0 1 0 0 0 -1692.14268828577 -3307.85731171422
1 0 0 0 1 0 0 0 1 0 0 0 -1729.23428519203 -3270.76571480796
1 0 0 0 1 0 0 0 1 0 0 0 -1723.58636409529 -3276.4136359047
1 0 0 0 1 0 0 0 1 0 0 0 -1732.91719375259 -3267.0828062474
1 0 0 0 1 0 0 0 1 0 0 0 -1739.71150932411 -3260.28849067588
1 0 0 0 1 0 0 0 1 0 0 0 -1748.92308169825 -3251.07691830174
1 0 0 0 1 0 0 0 1 0 0 0 -1691.87254849395 -3169.59803974133
1 0 0 0 1 0 0 0 1 0 0 0 -1666.95018695688 -3133.04981304311
1 0 0 0 1 0 0 0 1 0 0 0 -1681.94974310346 -3118.05025689653
1 0 0 0 1 0 0 0 1 0 0 0 -1675.69452569931 -3124.30547430068
1 0 0 0 1 0 0 0 1 0 0 0 -1758.65028177674 -3241.34971822325
1 0 0 0 1 0 0 0 1 0 0 0 -1753.19095628795 -3246.80904371204
1 0 0 0 1 0 0 0 1 0 0 0 -1728.40619283825 -3271.59380716174
1 0 0 0 1 0 0 0 1 0 0 0 -1576.84287271335 -3223.15712728665
1 0 0 0 1 0 0 0 1 0 0 0 -1551.46267799543 -3248.53732200456
1 0 0 0 1 0 0 0 1 0 0 0 -1642.10242732782 -3357.89757267217
1 0 0 0 1 0 0 0 1 0 0 0 -1637.01245383594 -3389.23754616405
1 0 0 0 1 0 0 0 1 0 0 0 -1596.38150166708 -3403.61849833291
1 0 0 0 1 0 0 0 1 0 0 0 -1573.80603059138 -3426.19396940861
1 0 0 0 1 0 0 0 1 0 0 0 -1575.73057964142 -3424.26942035857
1 0 0 0 1 0 0 0 1 0 0 0 -1576.86807834603 -3423.13192165396
1 0 0 0 1 0 0 0 1 0 0 0 -1601.64865303347 -3398.35134696652
1 0 0 0 1 0 0 0 1 0 0 0 -1639.37358558268 -3360.62641441731
1 0 0 0 1 0 0 0 1 0 0 0 -1677.62825409277 -3322.37174590722
1 0 0 0 1 0 0 0 1 0 0 0 -1730.41804940899 -3317.32388607487
1 0 0 0 1 0 0 0 1 0 0 0 -1732.75911401923 -3267.24088598076
1 0 0 0 1 0 0 0 1 0 0 0 -1749.17943425138 -3250.82056574861
1 0 0 0 1 0 0 0 1 0 0 0 -1753.88254862988 -3246.11745137011
1 0 0 0 1 0 0 0 1 0 0 0 -1766.82871235514 -3233.17128764485
1 0 0 0 1 0 0 0 1 0 0 0 -1769.31525816894 -3230.68474183105
1 0 0 0 1 0 0 0 1 0 0 0 -1772.48451463066 -3227.51548536933
1 0 0 0 1 0 0 0 1 0 0 0 -1778.52845043956 -3221.47154956043
1 0 0 0 1 0 0 0 1 0 0 0 -1779.07814027257 -3220.92185972742
1 0 0 0 1 0 0 0 1 0 0 0 -1797.39007449468 -3222.60992550532
1 0 0 0 1 0 0 0 1 0 0 0 -1796.87992417591 -3203.12007582408
1 0 0 0 1 0 0 0 1 0 0 0 -1799.73185172307 -3200.26814827692
1 0 0 0 1 0 0 0 1 0 0 0 -1694.00769146237 -3105.99230853762
1 0 0 0 1 0 0 0 1 0 0 0 -1692.44938663261 -3107.55061336738
1 0 0 0 1 0 0 0 1 0 0 0 -1748.54684219875 -3139.7472754483
1 0 0 0 1 0 0 0 1 0 0 0 -1732.34954750441 -3126.37772522285
1 0 0 0 1 0 0 0 1 0 0 0 -1799.81563460192 -3200.18436539807
1 0 0 0 1 0 0 0 1 0 0 0 -1785.75579005152 -3214.24420994847
1 0 0 0 1 0 0 0 1 0 0 0 -1767.15560569333 -3232.84439430666
1 0 0 0 1 0 0 0 1 0 0 0 -1676.75306245483 -3220.08564722258
1 0 0 0 1 0 0 0 1 0 0 0 -1591.70623039343 -3208.29376960656
1 0 0 0 1 0 0 0 1 0 0 0 -1621.83320737328 -3178.16679262671
1 0 0 0 1 0 0 0 1 0 0 0 -1694.7627480074 -3105.23725199259
1 0 0 0 1 0 0 0 1 0 0 0 -1763.01656708121 -3117.88665872523
1 0 0 0 1 0 0 0 1 0 0 0 -1713.18631263486 -3086.81368736513
1 0 0 0 1 0 0 0 1 0 0 0 -1798.007679995 -3201.992320005
1 0 0 0 1 0 0 0 1 0 0 0 -1801.70138433633 -3198.29861566366
1 0 0 0 1 0 0 0 1 0 0 0 -1687.84954671282 -3112.15045328717
1 0 0 0 1 0 0 0 1 0 0 0 -1650.78862854025 -3149.21137145974
1 0 0 0 1 0 0 0 1 0 0 0 -1666.24448667843 -3207.30390041833
1 0 0 0 1 0 0 0 1 0 0 0 -1741.30412576878 -3095
1 0 0 0 1 0 0 0 1 0 0 0 -1759.29348591465 -2976
1 0 0 0 1 0 0 0 1 0 0 0 -1784.12525755111 -3215.87474244888
1 0 0 0 1 0 0 0 1 0 0 0 -1642.77055066485 -3157.22944933514
1 0 0 0 1 0 0 0 1 0 0 0 -1620.86987459029 -3179.1301254097
1 0 0 0 1 0 0 0 1 0 0 0 -1662.19733726765 -3137.80266273234
1 0 0 0 1 0 0 0 1 0 0 0 -1695.35217257456 -3104.64782742543
1 0 0 0 1 0 0 0 1 0 0 0 -1781.08196637148 -3218.91803362851
1 0 0 0 1 0 0 0 1 0 0 0 -1751.72332072906 -3248.27667927093
1 0 0 0 1 0 0 0 1 0 0 0 -1636.06653397588 -3163.93346602411
1 0 0 0 1 0 0 0 1 0 0 0 -1733.9618211456 -3266.03817885439
1 0 0 0 1 0 0 0 1 0 0 0 -1727.02877029493 -3272.97122970506
1 0 0 0 1 0 0 0 1 0 0 0 -1712.84688275853 -3287.15311724146
1 0 0 0 1 0 0 0 1 0 0 0 -1703.30999870106 -3296.69000129893
1 0 0 0 1 0 0 0 1 0 0 0 -1595.72824016791 -3204.27175983208
1 0 0 0 1 0 0 0 1 0 0 0 -1587.12992582601 -3212.87007417398
1 0 0 0 1 0 0 0 1 0 0 0 -1586.19478068342 -3213.80521931657
1 0 0 0 1 0 0 0 1 0 0 0 -1591.07545165698 -3208.92454834301
1 0 0 0 1 0 0 0 1 0 0 0 -1594.39431798603 -3205.60568201396
1 0 0 0 1 0 0 0 1 0 0 0 -1589.38609519035 -3210.61390480964
1 0 0 0 1 0 0 0 1 0 0 0 -1582.1370289262 -3217.86297107379
1 0 0 0 1 0 0 0 1 0 0 0 -1576.33419730541 -3223.66580269458
1 0 0 0 1 0 0 0 1 0 0 0 -1570.30048274976 -3229.69951725023
1 0 0 0 1 0 0 0 1 0 0 0 -1567.46749632851 -3232.53250367148
1 0 0 0 1 0 0 0 1 0 0 0 -1564.12965055343 -3235.87034944656
1 0 0 0 1 0 0 0 1 0 0 0 -1461.75429816624 -3138.24570183375
1 0 0 0 1 0 0 0 1 0 0 0 -1455.32858433443 -3144.67141566556
1 0 0 0 1 0 0 0 1 0 0 0 -1547.20144916264 -3252.79855083735
1 0 0 0 1 0 0 0 1 0 0 0 -1534.24464124093 -3265.75535875906
1 0 0 0 1 0 0 0 1 0 0 0 -1421.63124131136 -3178.36875868863
1 0 0 0 1 0 0 0 1 0 0 0 -1523.59795203839 -3276.4020479616
1 0 0 0 1 0 0 0 1 0 0 0 -1427.87928128493 -3172.12071871506
1 0 0 0 1 0 0 0 1 0 0 0 -1423.78024137156 -3176.21975862843
1 0 0 0 1 0 0 0 1 0 0 0 -1408.06087062429 -3191.9391293757
1 0 0 0 1 0 0 0 1 0 0 0 -1402.18270942383 -3197.81729057616
1 0 0 0 1 0 0 0 1 0 0 0 -1410.10313441862 -3189.89686558137
1 0 0 0 1 0 0 0 1 0 0 0 -1417.57191862127 -3182.42808137872
1 0 0 0 1 0 0 0 1 0 0 0 -1415.90046153809 -3184.0995384619
1 0 0 0 1 0 0 0 1 0 0 0 -1414.2094887757 -3185.79051122429
1 0 0 0 1 0 0 0 1 0 0 0 -1415.78490576823 -3184.21509423176
1 0 0 0 1 0 0 0 1 0 0 0 -1418.88010729929 -3181.1198927007
1 0 0 0 1 0 0 0 1 0 0 0 -1417.56998027694 -3182.43001972305
1 0 0 0 1 0 0 0 1 0 0 0 -1410.96029112881 -3189.03970887118
1 0 0 0 1 0 0 0 1 0 0 0 -1401.89811080809 -3198.1018891919
1 0 0 0 1 0 0 0 1 0 0 0 -1396.53612780715 -3203.46387219284
1 0 0 0 1 0 0 0 1 0 0 0 -1396.74289617005 -3203.25710382994
1 0 0 0 1 0 0 0 1 0 0 0 -1397.25553281767 -3202.74446718232
1 0 0 0 1 0 0 0 1 0 0 0 -1399.20308007208 -3200.79691992791
1 0 0 0 1 0 0 0 1 0 0 0 -1402.04919038059 -3197.9508096194
1 0 0 0 1 0 0 0 1 0 0 0 -1427.75092373868 -3204.01378214366
1 0 0 0 1 0 0 0 1 0 0 0 -1523.92882302704 -3276.07117697295
1 0 0 0 1 0 0 0 1 0 0 0 -1536.5926645076 -3263.40733549239
1 0 0 0 1 0 0 0 1 0 0 0 -1479.55319987542 -3199.41454206005
1 0 0 0 1 0 0 0 1 0 0 0 -1560.89515040408 -3260.34014371355
1 0 0 0 1 0 0 0 1 0 0 0 -1559.46260551613 -3240.53739448386
1 0 0 0 1 0 0 0 1 0 0 0 -1575.35948241135 -3233.58169405923
1 0 0 0 1 0 0 0 1 0 0 0 -1582.61319869006 -3222.97503660405
1 0 0 0 1 0 0 0 1 0 0 0 -1711.52235484124 -3339.06588045287
1 0 0 0 1 0 0 0 1 0 0 0 -1718.0274031591 -3344.32553801736
1 0 0 0 1 0 0 0 1 0 0 0 -1721.95819598369 -3329.80650989865
1 0 0 0 1 0 0 0 1 0 0 0 -1697.95722853263 -3302.04277146736
1 0 0 0 1 0 0 0 1 0 0 0 -1698.78215243435 -3301.21784756564
1 0 0 0 1 0 0 0 1 0 0 0 -1691.97653726102 -3308.02346273897
1 0 0 0 1 0 0 0 1 0 0 0 -1573.04082209961 -3226.95917790038
1 0 0 0 1 0 0 0 1 0 0 0 -1547.18602214027 -3252.81397785972
1 0 0 0 1 0 0 0 1 0 0 0 -1515.98149334477 -3284.01850665522
1 0 0 0 1 0 0 0 1 0 0 0 -1400.63505845139 -3199.3649415486
1 0 0 0 1 0 0 0 1 0 0 0 -1360.44524050092 -3239.55475949907
1 0 0 0 1 0 0 0 1 0 0 0 -1306.35460519918 -3293.64539480081
1 0 0 0 1 0 0 0 1 0 0 0 -1282.9208492398 -3317.07915076019
1 0 0 0 1 0 0 0 1 0 0 0 -1327.94032545218 -3272.05967454781
1 0 0 0 1 0 0 0 1 0 0 0 -1752.141580064 -3447.85841993599
1 0 0 0 1 0 0 0 1 0 0 0 -1708.12096637934 -3291.87903362065
1 0 0 0 1 0 0 0 1 0 0 0 -1687.47719972674 -3312.52280027325
1 0 0 0 1 0 0 0 1 0 0 0 -1659.90318181112 -3340.09681818887
1 0 0 0 1 0 0 0 1 0 0 0 -1511.89278197939 -3288.1072180206
1 0 0 0 1 0 0 0 1 0 0 0 -1347.74510650975 -3252.25489349024
1 0 0 0 1 0 0 0 1 0 0 0 -1313.13993189715 -3286.86006810284
1 0 0 0 1 0 0 0 1 0 0 0 -1334.86802403753 -3265.13197596246
1 0 0 0 1 0 0 0 1 0 0 0 -1675.16998215727 -3524.83001784272
1 0 0 0 1 0 0 0 1 0 0 0 -1690.86817377644 -3509.13182622355
1 0 0 0 1 0 0 0 1 0 0 0 -1591.86866651661 -3408.13133348338
1 0 0 0 1 0 0 0 1 0 0 0 -1566.25230030791 -3433.74769969208
1 0 0 0 1 0 0 0 1 0 0 0 -1571.66032481414 -3428.33967518585
1 0 0 0 1 0 0 0 1 0 0 0 -1566.13974154853 -3433.86025845146
1 0 0 0 1 0 0 0 1 0 0 0 -1526.65881279137 -3473.34118720862
1 0 0 0 1 0 0 0 1 0 0 0 -1277.75400876615 -3322.24599123384
1 0 0 0 1 0 0 0 1 0 0 0 -1269.00702808846 -3330.99297191153
1 0 0 0 1 0 0 0 1 0 0 0 -1274.35871579275 -3325.64128420724
1 0 0 0 1 0 0 0 1 0 0 0 -1276.91960285112 -3323.08039714888
1 0 0 0 1 0 0 0 1 0 0 0 -1267.0874556987 -3332.9125443013
1 0 0 0 1 0 0 0 1 0 0 0 -1266.8061301607 -3333.19386983929
1 0 0 0 1 0 0 0 1 0 0 0 -1261.45685408396 -3338.54314591603
1 0 0 0 1 0 0 0 1 0 0 0 -1246.56521891671 -3353.43478108328
1 0 0 0 1 0 0 0 1 0 0 0 -1234.88335368489 -3365.1166463151
1 0 0 0 1 0 0 0 1 0 0 0 -1644.93966231291 -3755.06033768708
1 0 0 0 1 0 0 0 1 0 0 0 -1653.30130564874 -3746.69869435125
1 0 0 0 1 0 0 0 1 0 0 0 -1340.6968012062 -3459.30319879379
1 0 0 0 1 0 0 0 1 0 0 0 -1230.70876601887 -3369.29123398112
1 0 0 0 1 0 0 0 1 0 0 0 -1036.02380249286 -3163.97619750713
1 0 0 0 1 0 0 0 1 0 0 0 -1021.87597782204 -3178.12402217795
1 0 0 0 1 0 0 0 1 0 0 0 -1010.24533168671 -3189.75466831328
1 0 0 0 1 0 0 0 1 0 0 0 -1004.04695509545 -3195.95304490454
1 0 0 0 1 0 0 0 1 0 0 0 -1018.46121206282 -3181.53878793717
1 0 0 0 1 0 0 0 1 0 0 0 -1033.37803638248 -3166.62196361751
1 0 0 0 1 0 0 0 1 0 0 0 -1141.28832543366 -3258.71167456633
1 0 0 0 1 0 0 0 1 0 0 0 -1147.07380886012 -3252.92619113987
1 0 0 0 1 0 0 0 1 0 0 0 -1150.28111993145 -3249.71888006854
1 0 0 0 1 0 0 0 1 0 0 0 -1148.99598792474 -3251.00401207525
1 0 0 0 1 0 0 0 1 0 0 0 -1145.52585440826 -3254.47414559173
1 0 0 0 1 0 0 0 1 0 0 0 -1150.59503495737 -3249.40496504262
1 0 0 0 1 0 0 0 1 0 0 0 -1175.47490534373 -3224.52509465626
1 0 0 0 1 0 0 0 1 0 0 0 -1173.14347645793 -3226.85652354206
1 0 0 0 1 0 0 0 1 0 0 0 -1157.23396433951 -3242.76603566048
1 0 0 0 1 0 0 0 1 0 0 0 -1153.91446477679 -3246.0855352232
1 0 0 0 1 0 0 0 1 0 0 0 -1180.8309379634 -3219.1690620366
1 0 0 0 1 0 0 0 1 0 0 0 -1203.76609929551 -3196.23390070448
1 0 0 0 1 0 0 0 1 0 0 0 -1231.60153994854 -3168.39846005145
1 0 0 0 1 0 0 0 1 0 0 0 -1356.13908204732 -3243.86091795267
1 0 0 0 1 0 0 0 1 0 0 0 -1237.26491138195 -3162.73508861804
1 0 0 0 1 0 0 0 1 0 0 0 -1226.60997574636 -3173.39002425363
1 0 0 0 1 0 0 0 1 0 0 0 -1239.8298354069 -3160.17016459309
1 0 0 0 1 0 0 0 1 0 0 0 -1271.86029175867 -3128.13970824132
1 0 0 0 1 0 0 0 1 0 0 0 -1411.92372758343 -3188.07627241656
1 0 0 0 1 0 0 0 1 0 0 0 -1442.87738149159 -3157.1226185084
1 0 0 0 1 0 0 0 1 0 0 0 -1442.46354347532 -3157.53645652467
1 0 0 0 1 0 0 0 1 0 0 0 -1293.71867922844 -3106.28132077155
1 0 0 0 1 0 0 0 1 0 0 0 -1275.435204644 -3124.56479535599
1 0 0 0 1 0 0 0 1 0 0 0 -1256.0655681685 -3143.93443183149
1 0 0 0 1 0 0 0 1 0 0 0 -1239.01790211316 -3160.98209788683
1 0 0 0 1 0 0 0 1 0 0 0 -1267.90645092954 -3132.09354907045
1 0 0 0 1 0 0 0 1 0 0 0 -1272.62820992186 -3127.37179007813
1 0 0 0 1 0 0 0 1 0 0 0 -1253.64365582242 -3146.35634417757
1 0 0 0 1 0 0 0 1 0 0 0 -1267.77019270661 -3132.22980729338
1 0 0 0 1 0 0 0 1 0 0 0 -1290.275622331 -3109.72437766899
1 0 0 0 1 0 0 0 1 0 0 0 -1708.54095600442 -3491.45904399557
1 0 0 0 1 0 0 0 1 0 0 0 -1752.58604408992 -3447.41395591007
1 0 0 0 1 0 0 0 1 0 0 0 -1781.73229134043 -3418.26770865956
1 0 0 0 1 0 0 0 1 0 0 0 -1789.7482131981 -3410.25178680189
1 0 0 0 1 0 0 0 1 0 0 0 -1792.73859259305 -3407.26140740694
1 0 0 0 1 0 0 0 1 0 0 0 -1772.73766613707 -3427.26233386292
1 0 0 0 1 0 0 0 1 0 0 0 -1767.00742691019 -3432.9925730898
1 0 0 0 1 0 0 0 1 0 0 0 -1764.43858648284 -3435.56141351715
1 0 0 0 1 0 0 0 1 0 0 0 -1760.79407670313 -3439.20592329686
1 0 0 0 1 0 0 0 1 0 0 0 -1767.59907753547 -3432.40092246452
1 0 0 0 1 0 0 0 1 0 0 0 -1759.62835914689 -3440.3716408531
1 0 0 0 1 0 0 0 1 0 0 0 -1362.73977489631 -3037.26022510368
1 0 0 0 1 0 0 0 1 0 0 0 -1378.45069636058 -3021.54930363941
1 0 0 0 1 0 0 0 1 0 0 0 -1380.8752656839 -3019.12473431609
1 0 0 0 1 0 0 0 1 0 0 0 -1382.61836844635 -3017.38163155364
1 0 0 0 1 0 0 0 1 0 0 0 -1362.96320350753 -3037.03679649246
1 0 0 0 1 0 0 0 1 0 0 0 -1371.22990767097 -3028.77009232903
1 0 0 0 1 0 0 0 1 0 0 0 -1414.60379847296 -2985.39620152703
1 0 0 0 1 0 0 0 1 0 0 0 -1428.18028013463 -2971.81971986536
1 0 0 0 1 0 0 0 1 0 0 0 -1412.18224826053 -2987.81775173946
1 0 0 0 1 0 0 0 1 0 0 0 -1392.26506952963 -3007.73493047036
1 0 0 0 1 0 0 0 1 0 0 0 -1397.79369695268 -3002.20630304731
1 0 0 0 1 0 0 0 1 0 0 0 -1424.69249830672 -2975.30750169327
1 0 0 0 1 0 0 0 1 0 0 0 -2032.69587867453 -3567.30412132546
1 0 0 0 1 0 0 0 1 0 0 0 -1555.14400409604 -3044.85599590395
1 0 0 0 1 0 0 0 1 0 0 0 -1434.25654338873 -2965.74345661126
1 0 0 0 1 0 0 0 1 0 0 0 -1427.38327470212 -2972.61672529787
1 0 0 0 1 0 0 0 1 0 0 0 -1427.90848563998 -2972.09151436001
1 0 0 0 1 0 0 0 1 0 0 0 -2037.36206735987 -3562.63793264012
1 0 0 0 1 0 0 0 1 0 0 0 -1957.54902841338 -3442.45097158661
1 0 0 0 1 0 0 0 1 0 0 0 -1559.68194355099 -3040.31805644901
1 0 0 0 1 0 0 0 1 0 0 0 -1545.44555386787 -3054.55444613212
1 0 0 0 1 0 0 0 1 0 0 0 -1523.99147026112 -3076.00852973887
1 0 0 0 1 0 0 0 1 0 0 0 -1417.37512895639 -2982.6248710436
1 0 0 0 1 0 0 0 1 0 0 0 -1434.53422870393 -2965.46577129606
1 0 0 0 1 0 0 0 1 0 0 0 -1853.47186338199 -3346.528136618
1 0 0 0 1 0 0 0 1 0 0 0 -1561.40804173599 -3038.591958264
1 0 0 0 1 0 0 0 1 0 0 0 -1851.1713366316 -3348.82866336839
1 0 0 0 1 0 0 0 1 0 0 0 -1869.87579338939 -3330.1242066106
1 0 0 0 1 0 0 0 1 0 0 0 -1886.24013955191 -3313.75986044808
1 0 0 0 1 0 0 0 1 0 0 0 -1913.17560622287 -3286.82439377712
1 0 0 0 1 0 0 0 1 0 0 0 -1917.42863480454 -3282.57136519545
1 0 0 0 1 0 0 0 1 0 0 0 -1829.25582512514 -3170.74417487485
1 0 0 0 1 0 0 0 1 0 0 0 -1826.06034193831 -3173.93965806168
1 0 0 0 1 0 0 0 1 0 0 0 -1930.74484561482 -3269.25515438517
1 0 0 0 1 0 0 0 1 0 0 0 -1923.57736191569 -3276.4226380843
1 0 0 0 1 0 0 0 1 0 0 0 -1912.08044553999 -3287.91955446
1 0 0 0 1 0 0 0 1 0 0 0 -1802.46797953053 -3197.53202046946
1 0 0 0 1 0 0 0 1 0 0 0 -1884.99163437219 -3315.0083656278
1 0 0 0 1 0 0 0 1 0 0 0 -1882.90920879523 -3317.09079120476
1 0 0 0 1 0 0 0 1 0 0 0 -1868.17816063349 -3331.8218393665
1 0 0 0 1 0 0 0 1 0 0 0 -1863.57474842389 -3336.4252515761
1 0 0 0 1 0 0 0 1 0 0 0 -1853.38586164924 -3346.61413835075
1 0 0 0 1 0 0 0 1 0 0 0 -1855.30526725409 -3344.6947327459
1 0 0 0 1 0 0 0 1 0 0 0 -1457.85895543725 -2942.14104456274
1 0 0 0 1 0 0 0 1 0 0 0 -1863.17208319165 -3336.82791680834
1 0 0 0 1 0 0 0 1 0 0 0 -1852.45454847395 -3347.54545152604
1 0 0 0 1 0 0 0 1 0 0 0 -1849.01058373702 -3350.98941626297
1 0 0 0 1 0 0 0 1 0 0 0 -1853.56327171463 -3346.43672828536
1 0 0 0 1 0 0 0 1 0 0 0 -1860.76297187396 -3339.23702812603
1 0 0 0 1 0 0 0 1 0 0 0 -1458.74160468676 -2941.25839531323
1 0 0 0 1 0 0 0 1 0 0 0 -1858.40884128892 -3341.59115871107
1 0 0 0 1 0 0 0 1 0 0 0 -1862.58875266187 -3337.41124733812
1 0 0 0 1 0 0 0 1 0 0 0 -1869.38828624256 -3330.61171375743
1 0 0 0 1 0 0 0 1 0 0 0 -1865.78832853708 -3334.21167146291
1 0 0 0 1 0 0 0 1 0 0 0 -1869.54034645085 -3330.45965354914
1 0 0 0 1 0 0 0 1 0 0 0 -1881.21919679723 -3318.78080320276
1 0 0 0 1 0 0 0 1 0 0 0 -1875.23965090657 -3324.76034909342
1 0 0 0 1 0 0 0 1 0 0 0 -1885.29423102952 -3314.70576897047
1 0 0 0 1 0 0 0 1 0 0 0 -1885.11426601147 -3314.88573398852
1 0 0 0 1 0 0 0 1 0 0 0 -1487.25452833828 -2912.74547166171
1 0 0 0 1 0 0 0 1 0 0 0 -1778.27906498425 -3221.72093501574
1 0 0 0 1 0 0 0 1 0 0 0 -1783.77982651066 -3216.22017348933
1 0 0 0 1 0 0 0 1 0 0 0 -1794.60171860836 -3205.39828139163
1 0 0 0 1 0 0 0 1 0 0 0 -1807.56213721884 -3192.43786278115
1 0 0 0 1 0 0 0 1 0 0 0 -1805.26248388954 -3194.73751611045
1 0 0 0 1 0 0 0 1 0 0 0 -1800.20036172677 -3199.79963827322
1 0 0 0 1 0 0 0 1 0 0 0 -1799.13415299274 -3200.86584700725
1 0 0 0 1 0 0 0 1 0 0 0 -1805.10579688429 -3194.8942031157
1 0 0 0 1 0 0 0 1 0 0 0 -1802.74531007318 -3197.25468992681
1 0 0 0 1 0 0 0 1 0 0 0 -1804.33212677093 -3195.66787322906
1 0 0 0 1 0 0 0 1 0 0 0 -1769.66331164144 -3230.33668835855
1 0 0 0 1 0 0 0 1 0 0 0 -1723.87574907228 -3276.12425092772
1 0 0 0 1 0 0 0 1 0 0 0 -1714.86763551538 -3285.13236448461
1 0 0 0 1 0 0 0 1 0 0 0 -1423.75610464477 -2976.24389535522
1 0 0 0 1 0 0 0 1 0 0 0 -1410.3666693392 -2989.63333066079
1 0 0 0 1 0 0 0 1 0 0 0 -1396.18146223818 -3003.81853776181
1 0 0 0 1 0 0 0 1 0 0 0 -1397.05300867093 -3002.94699132906
1 0 0 0 1 0 0 0 1 0 0 0 -1399.46013541488 -3000.53986458511
1 0 0 0 1 0 0 0 1 0 0 0 -1379.27659959739 -3020.7234004026
1 0 0 0 1 0 0 0 1 0 0 0 -1384.5239401783 -3015.47605982169
1 0 0 0 1 0 0 0 1 0 0 0 -1415.08407058948 -2984.91592941051
1 0 0 0 1 0 0 0 1 0 0 0 -1423.33037042468 -2976.66962957531
1 0 0 0 1 0 0 0 1 0 0 0 -1411.57526689565 -2988.42473310434
1 0 0 0 1 0 0 0 1 0 0 0 -1405.41597796763 -2994.58402203236
1 0 0 0 1 0 0 0 1 0 0 0 -1498.41131339347 -3101.58868660652
1 0 0 0 1 0 0 0 1 0 0 0 -1492.4889437805 -3107.51105621949
1 0 0 0 1 0 0 0 1 0 0 0 -1497.79236279644 -3102.20763720356
1 0 0 0 1 0 0 0 1 0 0 0 -1492.44643598095 -3107.55356401904
1 0 0 0 1 0 0 0 1 0 0 0 -1373.73189056054 -3026.26810943945
1 0 0 0 1 0 0 0 1 0 0 0 -1377.70895154445 -3022.29104845554
1 0 0 0 1 0 0 0 1 0 0 0 -1400.02264078621 -2999.97735921378
1 0 0 0 1 0 0 0 1 0 0 0 -1405.86032077673 -2994.13967922326
1 0 0 0 1 0 0 0 1 0 0 0 -1392.08815910188 -3007.91184089811
1 0 0 0 1 0 0 0 1 0 0 0 -1380.39798644367 -3019.60201355632
1 0 0 0 1 0 0 0 1 0 0 0 -1384.12908100173 -3015.87091899826
1 0 0 0 1 0 0 0 1 0 0 0 -1395.13946752811 -3004.86053247188
1 0 0 0 1 0 0 0 1 0 0 0 -1389.48994892908 -3010.51005107091
1 0 0 0 1 0 0 0 1 0 0 0 -1379.25326684176 -3020.74673315823
1 0 0 0 1 0 0 0 1 0 0 0 -1399.01013509928 -3000.98986490072
1 0 0 0 1 0 0 0 1 0 0 0 -1422.41436341781 -2977.58563658218
1 0 0 0 1 0 0 0 1 0 0 0 -1442.35825437614 -2957.64174562385
1 0 0 0 1 0 0 0 1 0 0 0 -1434.21087509816 -2965.78912490183
1 0 0 0 1 0 0 0 1 0 0 0 -1414.70777953748 -2985.29222046251
1 0 0 0 1 0 0 0 1 0 0 0 -1393.35457251309 -3006.6454274869
1 0 0 0 1 0 0 0 1 0 0 0 -1277.67814910787 -2922.32185089213
1 0 0 0 1 0 0 0 1 0 0 0 -1263.06251773961 -2936.93748226038
1 0 0 0 1 0 0 0 1 0 0 0 -1278.08246215889 -2921.9175378411
1 0 0 0 1 0 0 0 1 0 0 0 -1386.14084521862 -3013.85915478137
1 0 0 0 1 0 0 0 1 0 0 0 -1410.00878492647 -2989.99121507352
1 0 0 0 1 0 0 0 1 0 0 0 -1426.70099696889 -2973.2990030311
1 0 0 0 1 0 0 0 1 0 0 0 -1426.79580461387 -2973.20419538612
1 0 0 0 1 0 0 0 1 0 0 0 -1419.59800719945 -2980.40199280054
1 0 0 0 1 0 0 0 1 0 0 0 -1431.48187940752 -2968.51812059247
1 0 0 0 1 0 0 0 1 0 0 0 -1437.51586045547 -2962.48413954452
1 0 0 0 1 0 0 0 1 0 0 0 -1426.68725674718 -2973.31274325281
1 0 0 0 1 0 0 0 1 0 0 0 -1413.3024923683 -2986.69750763169
1 0 0 0 1 0 0 0 1 0 0 0 -1408.52232922139 -2991.4776707786
1 0 0 0 1 0 0 0 1 0 0 0 -1428.55837225321 -2971.44162774678
1 0 0 0 1 0 0 0 1 0 0 0 -1755.24425448538 -3244.75574551461
1 0 0 0 1 0 0 0 1 0 0 0 -1756.93959953065 -3243.06040046934
1 0 0 0 1 0 0 0 1 0 0 0 -1549.39922570063 -3050.60077429936
1 0 0 0 1 0 0 0 1 0 0 0 -1641.80329209961 -3158.19670790038
1 0 0 0 1 0 0 0 1 0 0 0 -1618.35425766732 -3181.64574233267
1 0 0 0 1 0 0 0 1 0 0 0 -1585.37283684028 -3214.62716315971
1 0 0 0 1 0 0 0 1 0 0 0 -1464.26174228883 -3135.73825771116
1 0 0 0 1 0 0 0 1 0 0 0 -1453.72423397781 -3146.27576602218
1 0 0 0 1 0 0 0 1 0 0 0 -1459.00247459825 -3140.99752540174
1 0 0 0 1 0 0 0 1 0 0 0 -1567.65469484996 -3232.34530515003
1 0 0 0 1 0 0 0 1 0 0 0 -1575.84110850526 -3224.15889149473
1 0 0 0 1 0 0 0 1 0 0 0 -1579.52187054816 -3220.47812945183
1 0 0 0 1 0 0 0 1 0 0 0 -1574.3493164023 -3225.65068359769
1 0 0 0 1 0 0 0 1 0 0 0 -1653.3541883858 -3346.64581161419
1 0 0 0 1 0 0 0 1 0 0 0 -1631.78432637135 -3368.21567362864
1 0 0 0 1 0 0 0 1 0 0 0 -1613.5832977186 -3386.41670228139
1 0 0 0 1 0 0 0 1 0 0 0 -1603.97892768761 -3396.02107231238
1 0 0 0 1 0 0 0 1 0 0 0 -1605.05591023532 -3394.94408976467
1 0 0 0 1 0 0 0 1 0 0 0 -1608.29246559057 -3391.70753440942
1 0 0 0 1 0 0 0 1 0 0 0 -1615.24241290237 -3384.75758709762
1 0 0 0 1 0 0 0 1 0 0 0 -1619.5946793127 -3380.40532068729
1 0 0 0 1 0 0 0 1 0 0 0 -1612.48275590125 -3387.51724409874
1 0 0 0 1 0 0 0 1 0 0 0 -1594.77997195421 -3405.22002804578
1 0 0 0 1 0 0 0 1 0 0 0 -1574.82144512647 -3425.17855487352
1 0 0 0 1 0 0 0 1 0 0 0 -1552.27903579083 -3447.72096420916
1 0 0 0 1 0 0 0 1 0 0 0 -1531.84403611706 -3468.15596388293
1 0 0 0 1 0 0 0 1 0 0 0 -1492.01377425708 -3507.98622574291
1 0 0 0 1 0 0 0 1 0 0 0 -1451.53746842406 -3548.46253157593
1 0 0 0 1 0 0 0 1 0 0 0 -1440.5569690058 -3559.44303099419
1 0 0 0 1 0 0 0 1 0 0 0 -1458.77585864617 -3541.22414135382
1 0 0 0 1 0 0 0 1 0 0 0 -1479.36256393541 -3520.63743606458
1 0 0 0 1 0 0 0 1 0 0 0 -1491.91931602345 -3508.08068397654
1 0 0 0 1 0 0 0 1 0 0 0 -1476.84351964699 -3523.156480353
1 0 0 0 1 0 0 0 1 0 0 0 -1451.49528399294 -3548.50471600705
1 0 0 0 1 0 0 0 1 0 0 0 -1441.8832912688 -3558.11670873119
1 0 0 0 1 0 0 0 1 0 0 0 -1539.66017165351 -3660.33982834648
1 0 0 0 1 0 0 0 1 0 0 0 -1541.91615935235 -3658.08384064764
1 0 0 0 1 0 0 0 1 0 0 0 -1549.4332467743 -3650.56675322569
1 0 0 0 1 0 0 0 1 0 0 0 -1555.03311865733 -3644.96688134266
1 0 0 0 1 0 0 0 1 0 0 0 -1554.69625653235 -3645.30374346764
1 0 0 0 1 0 0 0 1 0 0 0 -1568.88749636441 -3631.11250363558
1 0 0 0 1 0 0 0 1 0 0 0 -1571.01629451737 -3628.98370548262
1 0 0 0 1 0 0 0 1 0 0 0 -1572.27210451021 -3627.72789548978
1 0 0 0 1 0 0 0 1 0 0 0 -1559.14541761166 -3640.85458238833
1 0 0 0 1 0 0 0 1 0 0 0 -1544.9781716189 -3655.02182838109
1 0 0 0 1 0 0 0 1 0 0 0 -1527.31160733674 -3672.68839266325
1 0 0 0 1 0 0 0 1 0 0 0 -1527.66882681615 -3672.33117318384
1 0 0 0 1 0 0 0 1 0 0 0 -1536.880822211 -3663.11917778899
1 0 0 0 1 0 0 0 1 0 0 0 -1565.20288753054 -3634.79711246945
1 0 0 0 1 0 0 0 1 0 0 0 -1582.30744238786 -3617.69255761213
1 0 0 0 1 0 0 0 1 0 0 0 -1600.60806420487 -3599.39193579512
1 0 0 0 1 0 0 0 1 0 0 0 -1603.74066373445 -3596.25933626554
1 0 0 0 1 0 0 0 1 0 0 0 -1595.66909291375 -3604.33090708624
1 0 0 0 1 0 0 0 1 0 0 0 -1603.41470882773 -3596.58529117226
1 0 0 0 1 0 0 0 1 0 0 0 -1501.96367562917 -3498.03632437082
1 0 0 0 1 0 0 0 1 0 0 0 -1490.17881698183 -3509.82118301816
1 0 0 0 1 0 0 0 1 0 0 0 -1478.24937401244 -3521.75062598755
1 0 0 0 1 0 0 0 1 0 0 0 -1473.66018415887 -3526.33981584112
1 0 0 0 1 0 0 0 1 0 0 0 -1467.11096532049 -3532.8890346795
1 0 0 0 1 0 0 0 1 0 0 0 -1478.7156626663 -3521.28433733369
1 0 0 0 1 0 0 0 1 0 0 0 -1478.5908785851 -3521.40912141489
1 0 0 0 1 0 0 0 1 0 0 0 -1469.13491627519 -3530.8650837248
1 0 0 0 1 0 0 0 1 0 0 0 -1452.24848241575 -3547.75151758424
1 0 0 0 1 0 0 0 1 0 0 0 -1441.47023493708 -3558.52976506291
1 0 0 0 1 0 0 0 1 0 0 0 -1436.65933204062 -3563.34066795937
1 0 0 0 1 0 0 0 1 0 0 0 -1431.33706243855 -3568.66293756144
1 0 0 0 1 0 0 0 1 0 0 0 -1442.01875027105 -3557.98124972894
1 0 0 0 1 0 0 0 1 0 0 0 -1449.95940369781 -3550.04059630218
1 0 0 0 1 0 0 0 1 0 0 0 -1456.68930740759 -3543.3106925924
1 0 0 0 1 0 0 0 1 0 0 0 -1446.29158808161 -3553.70841191838
1 0 0 0 1 0 0 0 1 0 0 0 -1438.43510562811 -3561.56489437188
1 0 0 0 1 0 0 0 1 0 0 0 -1438.40803723978 -3561.59196276021
1 0 0 0 1 0 0 0 1 0 0 0 -1444.17990830991 -3555.82009169008
1 0 0 0 1 0 0 0 1 0 0 0 -1451.49457850391 -3548.50542149608
1 0 0 0 1 0 0 0 1 0 0 0 -1444.23162001272 -3555.76837998727
1 0 0 0 1 0 0 0 1 0 0 0 -1436.61698003573 -3563.38301996426
1 0 0 0 1 0 0 0 1 0 0 0 -1432.20725591268 -3567.79274408731
1 0 0 0 1 0 0 0 1 0 0 0 -1439.15223992654 -3560.84776007345
1 0 0 0 1 0 0 0 1 0 0 0 -1434.50249196704 -3565.49750803296
1 0 0 0 1 0 0 0 1 0 0 0 -1427.26644063078 -3572.73355936921
1 0 0 0 1 0 0 0 1 0 0 0 -1420.49264591759 -3579.5073540824
1 0 0 0 1 0 0 0 1 0 0 0 -1406.13358481216 -3593.86641518783
1 0 0 0 1 0 0 0 1 0 0 0 -1411.30776197823 -3588.69223802176
1 0 0 0 1 0 0 0 1 0 0 0 -1424.69533558366 -3575.30466441633
1 0 0 0 1 0 0 0 1 0 0 0 -1429.27453673764 -3570.72546326235
1 0 0 0 1 0 0 0 1 0 0 0 -1421.20567566179 -3578.7943243382
1 0 0 0 1 0 0 0 1 0 0 0 -1419.75990152473 -3580.24009847526
1 0 0 0 1 0 0 0 1 0 0 0 -1418.84862727147 -3581.15137272852
1 0 0 0 1 0 0 0 1 0 0 0 -1411.13896413222 -3588.86103586777
1 0 0 0 1 0 0 0 1 0 0 0 -1403.06341762587 -3596.93658237412
1 0 0 0 1 0 0 0 1 0 0 0 -1397.96445619701 -3602.03554380298
1 0 0 0 1 0 0 0 1 0 0 0 -1400.62149197869 -3599.3785080213
1 0 0 0 1 0 0 0 1 0 0 0 -1395.77422133463 -3604.22577866536
1 0 0 0 1 0 0 0 1 0 0 0 -1395.7968449331 -3604.20315506689
1 0 0 0 1 0 0 0 1 0 0 0 -1395.01999476615 -3604.98000523384
1 0 0 0 1 0 0 0 1 0 0 0 -1383.95012726567 -3616.04987273432
1 0 0 0 1 0 0 0 1 0 0 0 -1384.30615482916 -3615.69384517083
1 0 0 0 1 0 0 0 1 0 0 0 -1385.87403125404 -3614.12596874595
1 0 0 0 1 0 0 0 1 0 0 0 -1387.18643769017 -3612.81356230982
1 0 0 0 1 0 0 0 1 0 0 0 -1389.27058616873 -3610.72941383126
1 0 0 0 1 0 0 0 1 0 0 0 -1386.56479969643 -3613.43520030356
1 0 0 0 1 0 0 0 1 0 0 0 -1386.27552059394 -3613.72447940605
1 0 0 0 1 0 0 0 1 0 0 0 -1384.41595858283 -3615.58404141716
1 0 0 0 1 0 0 0 1 0 0 0 -1484.06342945164 -3715.93657054835
1 0 0 0 1 0 0 0 1 0 0 0 -1395.73593684331 -3604.26406315668
1 0 0 0 1 0 0 0 1 0 0 0 -1392.31451554544 -3607.68548445455
1 0 0 0 1 0 0 0 1 0 0 0 -1390.73107815266 -3609.26892184733
1 0 0 0 1 0 0 0 1 0 0 0 -1393.86526864462 -3606.13473135537
1 0 0 0 1 0 0 0 1 0 0 0 -1392.17388866595 -3607.82611133404
1 0 0 0 1 0 0 0 1 0 0 0 -1395.38801016053 -3604.61198983946
1 0 0 0 1 0 0 0 1 0 0 0 -1395.51742767278 -3604.48257232721
1 0 0 0 1 0 0 0 1 0 0 0 -1388.01788333105 -3611.98211666894
1 0 0 0 1 0 0 0 1 0 0 0 -1383.91732552987 -3616.08267447012
1 0 0 0 1 0 0 0 1 0 0 0 -1374.08038751237 -3625.91961248762
1 0 0 0 1 0 0 0 1 0 0 0 -1371.16618063832 -3628.83381936167
1 0 0 0 1 0 0 0 1 0 0 0 -1371.62862584597 -3628.37137415402
1 0 0 0 1 0 0 0 1 0 0 0 -1358.27009599783 -3641.72990400216
1 0 0 0 1 0 0 0 1 0 0 0 -1448.41174221789 -3751.5882577821
1 0 0 0 1 0 0 0 1 0 0 0 -1345.89041712257 -3654.10958287742
1 0 0 0 1 0 0 0 1 0 0 0 -1339.82469702444 -3660.17530297555
1 0 0 0 1 0 0 0 1 0 0 0 -1338.29118041546 -3661.70881958453
1 0 0 0 1 0 0 0 1 0 0 0 -1338.75183876349 -3661.2481612365
1 0 0 0 1 0 0 0 1 0 0 0 -1339.09118682401 -3660.90881317598
1 0 0 0 1 0 0 0 1 0 0 0 -1434.68666503468 -3765.31333496531
1 0 0 0 1 0 0 0 1 0 0 0 -1421.15690401603 -3778.84309598396
1 0 0 0 1 0 0 0 1 0 0 0 -1419.00490827173 -3780.99509172826
1 0 0 0 1 0 0 0 1 0 0 0 -1423.33957678534 -3776.66042321465
1 0 0 0 1 0 0 0 1 0 0 0 -1426.36740565128 -3773.63259434871
1 0 0 0 1 0 0 0 1 0 0 0 -1428.77004769877 -3771.22995230122
1 0 0 0 1 0 0 0 1 0 0 0 -1431.25274396269 -3768.7472560373
1 0 0 0 1 0 0 0 1 0 0 0 -1434.00340338925 -3765.99659661074
1 0 0 0 1 0 0 0 1 0 0 0 -1429.45580275141 -3770.54419724858
1 0 0 0 1 0 0 0 1 0 0 0 -1429.12560323328 -3770.87439676671
1 0 0 0 1 0 0 0 1 0 0 0 -1428.89607474615 -3771.10392525384
1 0 0 0 1 0 0 0 1 0 0 0 -1434.86172026694 -3765.13827973305
1 0 0 0 1 0 0 0 1 0 0 0 -1432.2955658036 -3767.70443419639
1 0 0 0 1 0 0 0 1 0 0 0 -1436.8156434301 -3763.18435656989
1 0 0 0 1 0 0 0 1 0 0 0 -1440.42947171054 -3759.57052828945
1 0 0 0 1 0 0 0 1 0 0 0 -1439.91214578861 -3760.08785421138
1 0 0 0 1 0 0 0 1 0 0 0 -1441.46683121603 -3758.53316878396
1 0 0 0 1 0 0 0 1 0 0 0 -1440.94987998404 -3759.05012001595
1 0 0 0 1 0 0 0 1 0 0 0 -1439.68979891371 -3760.31020108628
1 0 0 0 1 0 0 0 1 0 0 0 -1434.24314417945 -3765.75685582054
1 0 0 0 1 0 0 0 1 0 0 0 -1427.3930594959 -3772.60694050409
1 0 0 0 1 0 0 0 1 0 0 0 -1429.46838669257 -3770.53161330742
1 0 0 0 1 0 0 0 1 0 0 0 -1437.29471689533 -3762.70528310466
1 0 0 0 1 0 0 0 1 0 0 0 -1344.84523410167 -3655.15476589832
1 0 0 0 1 0 0 0 1 0 0 0 -1349.32066391657 -3650.67933608342
1 0 0 0 1 0 0 0 1 0 0 0 -1357.08776593739 -3642.9122340626
1 0 0 0 1 0 0 0 1 0 0 0 -1359.45456740632 -3640.54543259367
1 0 0 0 1 0 0 0 1 0 0 0 -1361.08558893977 -3638.91441106022
1 0 0 0 1 0 0 0 1 0 0 0 -1360.60410379404 -3639.39589620595
1 0 0 0 1 0 0 0 1 0 0 0 -1357.20767990504 -3642.79232009495
1 0 0 0 1 0 0 0 1 0 0 0 -1355.37528292193 -3644.62471707806
1 0 0 0 1 0 0 0 1 0 0 0 -1360.13247076342 -3639.86752923657
1 0 0 0 1 0 0 0 1 0 0 0 -1359.79591233025 -3640.20408766974
1 0 0 0 1 0 0 0 1 0 0 0 -1367.52762004181 -3632.47237995818
1 0 0 0 1 0 0 0 1 0 0 0 -1372.86756266404 -3627.13243733595
1 0 0 0 1 0 0 0 1 0 0 0 -1370.90893060585 -3629.09106939414
1 0 0 0 1 0 0 0 1 0 0 0 -1364.10363062476 -3635.89636937523
1 0 0 0 1 0 0 0 1 0 0 0 -1363.02543077585 -3636.97456922414
1 0 0 0 1 0 0 0 1 0 0 0 -1365.75580274178 -3634.24419725821
1 0 0 0 1 0 0 0 1 0 0 0 -1372.63338030445 -3627.36661969554
1 0 0 0 1 0 0 0 1 0 0 0 -1382.78178263831 -3617.21821736168
1 0 0 0 1 0 0 0 1 0 0 0 -1387.6666034044 -3612.33339659559
1 0 0 0 1 0 0 0 1 0 0 0 -1389.54238566575 -3610.45761433424
1 0 0 0 1 0 0 0 1 0 0 0 -1387.81191263569 -3612.1880873643
1 0 0 0 1 0 0 0 1 0 0 0 -1387.55753910593 -3612.44246089406
1 0 0 0 1 0 0 0 1 0 0 0 -1387.44209943198 -3612.55790056801
1 0 0 0 1 0 0 0 1 0 0 0 -1387.82839285617 -3612.17160714382
1 0 0 0 1 0 0 0 1 0 0 0 -1389.19436048359 -3610.8056395164
1 0 0 0 1 0 0 0 1 0 0 0 -1388.41643951331 -3611.58356048668
1 0 0 0 1 0 0 0 1 0 0 0 -1391.45108555395 -3608.54891444604
1 0 0 0 1 0 0 0 1 0 0 0 -1395.85958060077 -3604.14041939922
1 0 0 0 1 0 0 0 1 0 0 0 -1397.57937553666 -3602.42062446333
1 0 0 0 1 0 0 0 1 0 0 0 -1400.64695013984 -3599.35304986015
1 0 0 0 1 0 0 0 1 0 0 0 -1403.09215080612 -3596.90784919387
1 0 0 0 1 0 0 0 1 0 0 0 -1405.54557169653 -3594.45442830346
1 0 0 0 1 0 0 0 1 0 0 0 -1404.19094129081 -3595.80905870918
1 0 0 0 1 0 0 0 1 0 0 0 -1402.79016338261 -3597.20983661738
1 0 0 0 1 0 0 0 1 0 0 0 -1404.43524780761 -3595.56475219238
1 0 0 0 1 0 0 0 1 0 0 0 -1505.14819800776 -3694.85180199223
1 0 0 0 1 0 0 0 1 0 0 0 -1504.93338798775 -3695.06661201224
1 0 0 0 1 0 0 0 1 0 0 0 -1406.71702302842 -3593.28297697157
1 0 0 0 1 0 0 0 1 0 0 0 -1408.83250886692 -3591.16749113307
1 0 0 0 1 0 0 0 1 0 0 0 -1408.17455187128 -3591.82544812872
1 0 0 0 1 0 0 0 1 0 0 0 -1407.79286077478 -3592.20713922521
1 0 0 0 1 0 0 0 1 0 0 0 -1405.6628004799 -3594.33719952009
1 0 0 0 1 0 0 0 1 0 0 0 -1406.50677194836 -3593.49322805163
1 0 0 0 1 0 0 0 1 0 0 0 -1406.39930045805 -3593.60069954194
1 0 0 0 1 0 0 0 1 0 0 0 -1405.40450323617 -3594.59549676382
1 0 0 0 1 0 0 0 1 0 0 0 -1406.50909393922 -3593.49090606077
1 0 0 0 1 0 0 0 1 0 0 0 -1407.36939820745 -3592.63060179254
1 0 0 0 1 0 0 0 1 0 0 0 -1404.08115479031 -3595.91884520968
1 0 0 0 1 0 0 0 1 0 0 0 -1400.04935457338 -3599.95064542661
1 0 0 0 1 0 0 0 1 0 0 0 -1395.63530905927 -3604.36469094072
1 0 0 0 1 0 0 0 1 0 0 0 -1399.13274013824 -3600.86725986175
1 0 0 0 1 0 0 0 1 0 0 0 -1403.18263425618 -3596.81736574381
1 0 0 0 1 0 0 0 1 0 0 0 -1402.94091542942 -3597.05908457057
1 0 0 0 1 0 0 0 1 0 0 0 -1399.49717251768 -3600.50282748231
1 0 0 0 1 0 0 0 1 0 0 0 -1398.09337282401 -3601.90662717598
1 0 0 0 1 0 0 0 1 0 0 0 -1399.22509219911 -3600.77490780088
1 0 0 0 1 0 0 0 1 0 0 0 -1401.48659063929 -3598.5134093607
1 0 0 0 1 0 0 0 1 0 0 0 -1398.74516984384 -3601.25483015615
1 0 0 0 1 0 0 0 1 0 0 0 -1397.95398424643 -3602.04601575356
1 0 0 0 1 0 0 0 1 0 0 0 -1394.80197337047 -3605.19802662952
1 0 0 0 1 0 0 0 1 0 0 0 -1396.01853303173 -3603.98146696826
1 0 0 0 1 0 0 0 1 0 0 0 -1396.09010760629 -3603.9098923937
1 0 0 0 1 0 0 0 1 0 0 0 -1395.04946683511 -3604.95053316488
1 0 0 0 1 0 0 0 1 0 0 0 -1396.4792461824 -3603.52075381759
1 0 0 0 1 0 0 0 1 0 0 0 -1397.15921571285 -3602.84078428714
1 0 0 0 1 0 0 0 1 0 0 0 -1396.6578446106 -3603.34215538939
1 0 0 0 1 0 0 0 1 0 0 0 -1397.88054756206 -3602.11945243793
1 0 0 0 1 0 0 0 1 0 0 0 -1396.04264269325 -3603.95735730675
1 0 0 0 1 0 0 0 1 0 0 0 -1395.35478770633 -3604.64521229366
1 0 0 0 1 0 0 0 1 0 0 0 -1392.12232337616 -3607.87767662383
1 0 0 0 1 0 0 0 1 0 0 0 -1487.05650955489 -3712.9434904451
1 0 0 0 1 0 0 0 1 0 0 0 -1480.66167305855 -3719.33832694144
1 0 0 0 1 0 0 0 1 0 0 0 -1473.58621251913 -3726.41378748086
1 0 0 0 1 0 0 0 1 0 0 0 -1468.90715702247 -3731.09284297753
1 0 0 0 1 0 0 0 1 0 0 0 -1466.81245226182 -3733.18754773817
1 0 0 0 1 0 0 0 1 0 0 0 -1466.45154446189 -3733.5484555381
1 0 0 0 1 0 0 0 1 0 0 0 -1469.65162883509 -3730.3483711649
1 0 0 0 1 0 0 0 1 0 0 0 -1474.32468154641 -3725.67531845358
1 0 0 0 1 0 0 0 1 0 0 0 -1481.17259333304 -3718.82740666695
1 0 0 0 1 0 0 0 1 0 0 0 -1487.11128275094 -3712.88871724905
1 0 0 0 1 0 0 0 1 0 0 0 -1489.17982741682 -3710.82017258317
1 0 0 0 1 0 0 0 1 0 0 0 -1489.37057182653 -3710.62942817346
1 0 0 0 1 0 0 0 1 0 0 0 -1493.93651035649 -3706.0634896435
1 0 0 0 1 0 0 0 1 0 0 0 -1497.61215183832 -3702.38784816167
1 0 0 0 1 0 0 0 1 0 0 0 -1501.24928297922 -3698.75071702077
1 0 0 0 1 0 0 0 1 0 0 0 -1505.53255695201 -3694.46744304798
1 0 0 0 1 0 0 0 1 0 0 0 -1516.14016832558 -3683.85983167441
1 0 0 0 1 0 0 0 1 0 0 0 -1520.14962564599 -3679.850374354
1 0 0 0 1 0 0 0 1 0 0 0 -1525.60437269691 -3674.39562730308
1 0 0 0 1 0 0 0 1 0 0 0 -1530.48087765936 -3669.51912234063
1 0 0 0 1 0 0 0 1 0 0 0 -1531.56858573746 -3668.43141426253
1 0 0 0 1 0 0 0 1 0 0 0 -1524.2423743498 -3675.75762565019
1 0 0 0 1 0 0 0 1 0 0 0 -1523.50809892918 -3676.49190107081
1 0 0 0 1 0 0 0 1 0 0 0 -1532.64935747718 -3667.35064252281
1 0 0 0 1 0 0 0 1 0 0 0 -1537.91726317278 -3662.08273682721
1 0 0 0 1 0 0 0 1 0 0 0 -1539.69833285716 -3660.30166714283
1 0 0 0 1 0 0 0 1 0 0 0 -1539.98560098793 -3660.01439901206
1 0 0 0 1 0 0 0 1 0 0 0 -1540.58996591706 -3659.41003408293
1 0 0 0 1 0 0 0 1 0 0 0 -1550.68515525461 -3649.31484474538
1 0 0 0 1 0 0 0 1 0 0 0 -1557.47900398379 -3642.5209960162
1 0 0 0 1 0 0 0 1 0 0 0 -1570.43323607441 -3629.56676392558
1 0 0 0 1 0 0 0 1 0 0 0 -1572.8997242813 -3627.10027571869
1 0 0 0 1 0 0 0 1 0 0 0 -1588.41447324944 -3611.58552675055
1 0 0 0 1 0 0 0 1 0 0 0 -1600.69806493864 -3599.30193506135
1 0 0 0 1 0 0 0 1 0 0 0 -1615.08154611728 -3584.91845388271
1 0 0 0 1 0 0 0 1 0 0 0 -1515.48193085478 -3484.51806914521
1 0 0 0 1 0 0 0 1 0 0 0 -1526.39875117722 -3473.60124882277
1 0 0 0 1 0 0 0 1 0 0 0 -1542.2603528556 -3457.73964714439
1 0 0 0 1 0 0 0 1 0 0 0 -1549.87033897366 -3450.12966102633
1 0 0 0 1 0 0 0 1 0 0 0 -1551.28627938363 -3448.71372061636
1 0 0 0 1 0 0 0 1 0 0 0 -1559.40577999509 -3440.5942200049
1 0 0 0 1 0 0 0 1 0 0 0 -1576.3726118335 -3423.62738816649
1 0 0 0 1 0 0 0 1 0 0 0 -1575.83648907232 -3424.16351092767
1 0 0 0 1 0 0 0 1 0 0 0 -1565.47362461729 -3434.5263753827
1 0 0 0 1 0 0 0 1 0 0 0 -1564.20564979663 -3435.79435020336
1 0 0 0 1 0 0 0 1 0 0 0 -1583.54131839754 -3416.45868160245
1 0 0 0 1 0 0 0 1 0 0 0 -1594.52041354316 -3405.47958645683
1 0 0 0 1 0 0 0 1 0 0 0 -1601.2969390182 -3398.70306098179
1 0 0 0 1 0 0 0 1 0 0 0 -1608.90617410619 -3391.0938258938
1 0 0 0 1 0 0 0 1 0 0 0 -1612.41318047539 -3387.5868195246
1 0 0 0 1 0 0 0 1 0 0 0 -1608.58223271896 -3391.41776728103
1 0 0 0 1 0 0 0 1 0 0 0 -1626.64024698889 -3373.3597530111
1 0 0 0 1 0 0 0 1 0 0 0 -1645.76583355594 -3354.23416644405
1 0 0 0 1 0 0 0 1 0 0 0 -1766.9015091829 -3433.09849081709
1 0 0 0 1 0 0 0 1 0 0 0 -1775.50574478684 -3424.49425521315
1 0 0 0 1 0 0 0 1 0 0 0 -1785.92019766005 -3414.07980233994
1 0 0 0 1 0 0 0 1 0 0 0 -1687.88032051161 -3312.11967948838
1 0 0 0 1 0 0 0 1 0 0 0 -1801.60228350475 -3398.39771649524
1 0 0 0 1 0 0 0 1 0 0 0 -1718.32190367041 -3281.67809632958
1 0 0 0 1 0 0 0 1 0 0 0 -1740.67884398557 -3259.32115601442
1 0 0 0 1 0 0 0 1 0 0 0 -1744.38414033736 -3255.61585966263
1 0 0 0 1 0 0 0 1 0 0 0 -1739.36625917417 -3260.63374082582
1 0 0 0 1 0 0 0 1 0 0 0 -1723.96644070138 -3276.03355929861
1 0 0 0 1 0 0 0 1 0 0 0 -1714.04478820903 -3285.95521179096
1 0 0 0 1 0 0 0 1 0 0 0 -1725.08416626449 -3274.9158337355
1 0 0 0 1 0 0 0 1 0 0 0 -1728.10084796884 -3271.89915203115
1 0 0 0 1 0 0 0 1 0 0 0 -1738.5401332102 -3261.45986678979
1 0 0 0 1 0 0 0 1 0 0 0 -1764.34183877376 -3235.65816122623
1 0 0 0 1 0 0 0 1 0 0 0 -1768.32608030671 -3231.67391969328
1 0 0 0 1 0 0 0 1 0 0 0 -1767.36519435602 -3232.63480564397
1 0 0 0 1 0 0 0 1 0 0 0 -1557.13445581313 -3042.86554418686
1 0 0 0 1 0 0 0 1 0 0 0 -1746.90124571494 -3253.09875428505
1 0 0 0 1 0 0 0 1 0 0 0 -1634.92955901769 -3165.0704409823
1 0 0 0 1 0 0 0 1 0 0 0 -1748.6684538998 -3251.33154610019
1 0 0 0 1 0 0 0 1 0 0 0 -1765.59898172947 -3234.40101827052
1 0 0 0 1 0 0 0 1 0 0 0 -1766.05142706154 -3233.94857293845
1 0 0 0 1 0 0 0 1 0 0 0 -1557.74621386942 -3042.25378613057
1 0 0 0 1 0 0 0 1 0 0 0 -1769.97865231217 -3230.02134768782
1 0 0 0 1 0 0 0 1 0 0 0 -1770.04047863525 -3229.95952136474
1 0 0 0 1 0 0 0 1 0 0 0 -1762.25807666063 -3237.74192333936
1 0 0 0 1 0 0 0 1 0 0 0 -1743.40084762644 -3256.59915237355
1 0 0 0 1 0 0 0 1 0 0 0 -1739.91551342178 -3260.08448657821
1 0 0 0 1 0 0 0 1 0 0 0 -1757.76074997778 -3242.23925002221
1 0 0 0 1 0 0 0 1 0 0 0 -1756.40008141625 -3243.59991858374
1 0 0 0 1 0 0 0 1 0 0 0 -1742.26328913862 -3257.73671086137
1 0 0 0 1 0 0 0 1 0 0 0 -1733.69609927566 -3266.30390072433
1 0 0 0 1 0 0 0 1 0 0 0 -1732.8926619848 -3267.10733801519
1 0 0 0 1 0 0 0 1 0 0 0 -1734.25372748362 -3265.74627251637
1 0 0 0 1 0 0 0 1 0 0 0 -1729.34097476177 -3270.65902523822
1 0 0 0 1 0 0 0 1 0 0 0 -1727.65186129713 -3272.34813870286
1 0 0 0 1 0 0 0 1 0 0 0 -1741.80362119811 -3258.19637880188
1 0 0 0 1 0 0 0 1 0 0 0 -1734.26817593204 -3265.73182406795
1 0 0 0 1 0 0 0 1 0 0 0 -1736.28671181256 -3263.71328818743
1 0 0 0 1 0 0 0 1 0 0 0 -1743.17208654187 -3256.82791345812
1 0 0 0 1 0 0 0 1 0 0 0 -1735.15249182764 -3264.84750817235
1 0 0 0 1 0 0 0 1 0 0 0 -1721.68183002457 -3278.31816997542
1 0 0 0 1 0 0 0 1 0 0 0 -1710.72502973741 -3289.27497026258
1 0 0 0 1 0 0 0 1 0 0 0 -1704.15474316509 -3295.8452568349
1 0 0 0 1 0 0 0 1 0 0 0 -1712.32512710748 -3287.67487289251
1 0 0 0 1 0 0 0 1 0 0 0 -1723.36914483975 -3276.63085516024
1 0 0 0 1 0 0 0 1 0 0 0 -1716.55996028065 -3283.44003971934
1 0 0 0 1 0 0 0 1 0 0 0 -1717.23687961782 -3282.76312038217
1 0 0 0 1 0 0 0 1 0 0 0 -1716.73335332772 -3283.26664667227
1 0 0 0 1 0 0 0 1 0 0 0 -1714.35926076063 -3285.64073923936
1 0 0 0 1 0 0 0 1 0 0 0 -1691.81832228112 -3308.18167771887
1 0 0 0 1 0 0 0 1 0 0 0 -1652.68152648391 -3347.31847351608
1 0 0 0 1 0 0 0 1 0 0 0 -1668.5437604217 -3331.45623957829
1 0 0 0 1 0 0 0 1 0 0 0 -1500.7356205236 -3099.26437947639
1 0 0 0 1 0 0 0 1 0 0 0 -1502.38111014639 -3097.6188898536
1 0 0 0 1 0 0 0 1 0 0 0 -1398.40175179948 -3001.59824820051
1 0 0 0 1 0 0 0 1 0 0 0 -1502.20139600348 -3097.79860399651
1 0 0 0 1 0 0 0 1 0 0 0 -1509.00865293869 -3090.99134706131
1 0 0 0 1 0 0 0 1 0 0 0 -1506.63290257125 -3093.36709742874
1 0 0 0 1 0 0 0 1 0 0 0 -1509.83480708372 -3090.16519291627
1 0 0 0 1 0 0 0 1 0 0 0 -1426.84105968545 -2973.15894031454
1 0 0 0 1 0 0 0 1 0 0 0 -1555.95384769925 -3044.04615230074
1 0 0 0 1 0 0 0 1 0 0 0 -1765.94761504542 -3234.05238495457
1 0 0 0 1 0 0 0 1 0 0 0 -1755.41320888398 -3244.58679111601
1 0 0 0 1 0 0 0 1 0 0 0 -1761.89882706578 -3238.10117293421
1 0 0 0 1 0 0 0 1 0 0 0 -1781.65631396635 -3218.34368603364
1 0 0 0 1 0 0 0 1 0 0 0 -1787.53513008163 -3212.46486991836
1 0 0 0 1 0 0 0 1 0 0 0 -1787.79319792274 -3212.20680207725
1 0 0 0 1 0 0 0 1 0 0 0 -1783.85631293584 -3216.14368706415
1 0 0 0 1 0 0 0 1 0 0 0 -1774.84113260227 -3225.15886739772
1 0 0 0 1 0 0 0 1 0 0 0 -1771.8701498465 -3228.12985015349
1 0 0 0 1 0 0 0 1 0 0 0 -1782.51150991134 -3217.48849008865
1 0 0 0 1 0 0 0 1 0 0 0 -1579.41283453667 -3020.58716546332
1 0 0 0 1 0 0 0 1 0 0 0 -1447.52267022596 -2952.47732977403
1 0 0 0 1 0 0 0 1 0 0 0 -1421.64967418967 -2978.35032581032
1 0 0 0 1 0 0 0 1 0 0 0 -1376.40763299973 -3023.59236700026
1 0 0 0 1 0 0 0 1 0 0 0 -1756.5143920743 -3443.48560792569
1 0 0 0 1 0 0 0 1 0 0 0 -1415.90732443567 -2984.09267556432
1 0 0 0 1 0 0 0 1 0 0 0 -1539.81822406634 -3060.18177593365
1 0 0 0 1 0 0 0 1 0 0 0 -1497.08530496364 -3102.91469503635
1 0 0 0 1 0 0 0 1 0 0 0 -1474.21160699376 -3125.78839300623
1 0 0 0 1 0 0 0 1 0 0 0 -1510.74741008138 -3089.25258991861
1 0 0 0 1 0 0 0 1 0 0 0 -1653.68506119255 -3146.31493880744
1 0 0 0 1 0 0 0 1 0 0 0 -1552.19292827517 -3047.80707172482
1 0 0 0 1 0 0 0 1 0 0 0 -1631.01105189989 -3168.9889481001
1 0 0 0 1 0 0 0 1 0 0 0 -1629.13672995013 -3170.86327004986
1 0 0 0 1 0 0 0 1 0 0 0 -1623.18765781389 -3176.8123421861
1 0 0 0 1 0 0 0 1 0 0 0 -1617.58546782654 -3182.41453217345
1 0 0 0 1 0 0 0 1 0 0 0 -1494.76718109015 -3105.23281890984
1 0 0 0 1 0 0 0 1 0 0 0 -1483.78588286423 -3116.21411713576
1 0 0 0 1 0 0 0 1 0 0 0 -1477.87841141502 -3122.12158858497
1 0 0 0 1 0 0 0 1 0 0 0 -1488.52658089786 -3111.47341910213
1 0 0 0 1 0 0 0 1 0 0 0 -1501.82709947792 -3098.17290052207
1 0 0 0 1 0 0 0 1 0 0 0 -1496.74408534704 -3103.25591465295
1 0 0 0 1 0 0 0 1 0 0 0 -1503.05890639589 -3096.9410936041
1 0 0 0 1 0 0 0 1 0 0 0 -1521.29061630343 -3078.70938369656
1 0 0 0 1 0 0 0 1 0 0 0 -1538.19918551481 -3061.80081448518
1 0 0 0 1 0 0 0 1 0 0 0 -1546.67667674974 -3053.32332325025
1 0 0 0 1 0 0 0 1 0 0 0 -1541.20127801903 -3058.79872198096
1 0 0 0 1 0 0 0 1 0 0 0 -1926.0963755594 -3473.90362444059
1 0 0 0 1 0 0 0 1 0 0 0 -1825.9213500399 -3374.07864996009
1 0 0 0 1 0 0 0 1 0 0 0 -1824.72825326799 -3375.271746732
1 0 0 0 1 0 0 0 1 0 0 0 -1819.51946824182 -3380.48053175817
1 0 0 0 1 0 0 0 1 0 0 0 -1822.70541953119 -3377.2945804688
1 0 0 0 1 0 0 0 1 0 0 0 -1837.06460214741 -3362.93539785258
1 0 0 0 1 0 0 0 1 0 0 0 -1752.53683864767 -3247.46316135232
1 0 0 0 1 0 0 0 1 0 0 0 -1763.48141236751 -3236.51858763248
1 0 0 0 1 0 0 0 1 0 0 0 -1761.11859050025 -3238.88140949974
1 0 0 0 1 0 0 0 1 0 0 0 -1757.07940394763 -3242.92059605236
1 0 0 0 1 0 0 0 1 0 0 0 -1764.56897473665 -3235.43102526334
1 0 0 0 1 0 0 0 1 0 0 0 -1771.78753003376 -3228.21246996623
1 0 0 0 1 0 0 0 1 0 0 0 -1765.85555077624 -3234.14444922375
1 0 0 0 1 0 0 0 1 0 0 0 -1750.86509255197 -3249.13490744802
1 0 0 0 1 0 0 0 1 0 0 0 -1722.69758471855 -3277.30241528144
1 0 0 0 1 0 0 0 1 0 0 0 -1699.95002413885 -3300.04997586114
1 0 0 0 1 0 0 0 1 0 0 0 -1694.96500930935 -3305.03499069064
1 0 0 0 1 0 0 0 1 0 0 0 -1794.82835122485 -3405.17164877514
1 0 0 0 1 0 0 0 1 0 0 0 -1791.20702716426 -3408.79297283573
1 0 0 0 1 0 0 0 1 0 0 0 -1793.0941087755 -3406.90589122449
1 0 0 0 1 0 0 0 1 0 0 0 -1790.92841951416 -3409.07158048583
1 0 0 0 1 0 0 0 1 0 0 0 -1794.32262348707 -3405.67737651292
1 0 0 0 1 0 0 0 1 0 0 0 -1793.9739177646 -3406.02608223539
1 0 0 0 1 0 0 0 1 0 0 0 -1797.66180668452 -3402.33819331547
1 0 0 0 1 0 0 0 1 0 0 0 -1795.61248736626 -3404.38751263373
1 0 0 0 1 0 0 0 1 0 0 0 -1797.99128777425 -3402.00871222574
1 0 0 0 1 0 0 0 1 0 0 0 -1800.2595294347 -3399.7404705653
1 0 0 0 1 0 0 0 1 0 0 0 -1400.48445931762 -2999.51554068237
1 0 0 0 1 0 0 0 1 0 0 0 -1796.91680024849 -3403.0831997515
1 0 0 0 1 0 0 0 1 0 0 0 -1793.85746901649 -3406.1425309835
1 0 0 0 1 0 0 0 1 0 0 0 -1783.83462581508 -3416.16537418491
1 0 0 0 1 0 0 0 1 0 0 0 -1779.28313153895 -3420.71686846104
1 0 0 0 1 0 0 0 1 0 0 0 -1779.40458183965 -3420.59541816034
1 0 0 0 1 0 0 0 1 0 0 0 -1771.56405479538 -3428.43594520461
1 0 0 0 1 0 0 0 1 0 0 0 -1862.88909234946 -3537.11090765053
1 0 0 0 1 0 0 0 1 0 0 0 -1853.72777140778 -3546.27222859221
1 0 0 0 1 0 0 0 1 0 0 0 -1844.37672396775 -3555.62327603224
1 0 0 0 1 0 0 0 1 0 0 0 -1822.86011663908 -3577.13988336091
1 0 0 0 1 0 0 0 1 0 0 0 -1805.23096089253 -3594.76903910746
1 0 0 0 1 0 0 0 1 0 0 0 -1790.3482319853 -3609.65176801469
1 0 0 0 1 0 0 0 1 0 0 0 -1770.67495309807 -3629.32504690192
1 0 0 0 1 0 0 0 1 0 0 0 -1771.75324665518 -3628.24675334481
1 0 0 0 1 0 0 0 1 0 0 0 -1798.28920872707 -3601.71079127292
1 0 0 0 1 0 0 0 1 0 0 0 -1825.35898500291 -3574.64101499708
1 0 0 0 1 0 0 0 1 0 0 0 -1828.46234680745 -3571.53765319254
1 0 0 0 1 0 0 0 1 0 0 0 -1711.55930698305 -3488.44069301694
1 0 0 0 1 0 0 0 1 0 0 0 -1698.16633410053 -3501.83366589946
1 0 0 0 1 0 0 0 1 0 0 0 -1804.35146458365 -3595.64853541634
1 0 0 0 1 0 0 0 1 0 0 0 -1910.9116232226 -3689.08837677739
1 0 0 0 1 0 0 0 1 0 0 0 -1895.11764959552 -3704.88235040447
1 0 0 0 1 0 0 0 1 0 0 0 -1880.84912985228 -3719.15087014771
1 0 0 0 1 0 0 0 1 0 0 0 -1174.30438304477 -3025.69561695522
1 0 0 0 1 0 0 0 1 0 0 0 -1873.50734494318 -3726.49265505681
1 0 0 0 1 0 0 0 1 0 0 0 -1867.76093682044 -3732.23906317955
1 0 0 0 1 0 0 0 1 0 0 0 -1876.68349821484 -3723.31650178515
1 0 0 0 1 0 0 0 1 0 0 0 -1876.35564940173 -3723.64435059826
1 0 0 0 1 0 0 0 1 0 0 0 -1884.3865501903 -3715.61344980969
1 0 0 0 1 0 0 0 1 0 0 0 -1905.4767490638 -3694.52325093619
1 0 0 0 1 0 0 0 1 0 0 0 -1824.1609704191 -3575.83902958089
1 0 0 0 1 0 0 0 1 0 0 0 -1825.19052816959 -3574.8094718304
1 0 0 0 1 0 0 0 1 0 0 0 -1819.73039852607 -3580.26960147392
1 0 0 0 1 0 0 0 1 0 0 0 -1921.81361290017 -3678.18638709983
1 0 0 0 1 0 0 0 1 0 0 0 -1821.54889726107 -3578.45110273892
1 0 0 0 1 0 0 0 1 0 0 0 -1833.60243003894 -3566.39756996105
1 0 0 0 1 0 0 0 1 0 0 0 -1853.61469568912 -3546.38530431087
1 0 0 0 1 0 0 0 1 0 0 0 -1762.62465471008 -3437.37534528991
1 0 0 0 1 0 0 0 1 0 0 0 -1760.11324194942 -3439.88675805057
1 0 0 0 1 0 0 0 1 0 0 0 -1765.40697346346 -3434.59302653653
1 0 0 0 1 0 0 0 1 0 0 0 -1770.77395833857 -3429.22604166142
1 0 0 0 1 0 0 0 1 0 0 0 -1767.49419333647 -3432.50580666352
1 0 0 0 1 0 0 0 1 0 0 0 -1759.45520255025 -3440.54479744974
1 0 0 0 1 0 0 0 1 0 0 0 -1760.9809183611 -3439.01908163889
1 0 0 0 1 0 0 0 1 0 0 0 -1762.77347177364 -3437.22652822635
1 0 0 0 1 0 0 0 1 0 0 0 -1766.5221077755 -3433.47789222449
1 0 0 0 1 0 0 0 1 0 0 0 -1759.13601701436 -3440.86398298563
1 0 0 0 1 0 0 0 1 0 0 0 -1759.3114513287 -3440.68854867129
1 0 0 0 1 0 0 0 1 0 0 0 -1754.39651292036 -3445.60348707964
1 0 0 0 1 0 0 0 1 0 0 0 -1748.23497133162 -3451.76502866837
1 0 0 0 1 0 0 0 1 0 0 0 -1746.63223736934 -3453.36776263065
1 0 0 0 1 0 0 0 1 0 0 0 -1748.83153226907 -3451.16846773092
1 0 0 0 1 0 0 0 1 0 0 0 -1734.5281256261 -3465.47187437389
1 0 0 0 1 0 0 0 1 0 0 0 -1728.84108364937 -3471.15891635062
1 0 0 0 1 0 0 0 1 0 0 0 -1719.28236908036 -3480.71763091963
1 0 0 0 1 0 0 0 1 0 0 0 -1723.620561796 -3476.37943820399
1 0 0 0 1 0 0 0 1 0 0 0 -1727.21194576967 -3472.78805423032
1 0 0 0 1 0 0 0 1 0 0 0 -1736.73318624947 -3463.26681375052
1 0 0 0 1 0 0 0 1 0 0 0 -1734.85243344534 -3465.14756655465
1 0 0 0 1 0 0 0 1 0 0 0 -1716.3916820771 -3483.60831792289
1 0 0 0 1 0 0 0 1 0 0 0 -1806.08334559598 -3593.91665440401
1 0 0 0 1 0 0 0 1 0 0 0 -1699.98190073704 -3500.01809926295
1 0 0 0 1 0 0 0 1 0 0 0 -1688.94088426258 -3511.05911573741
1 0 0 0 1 0 0 0 1 0 0 0 -1688.84958164169 -3511.1504183583
1 0 0 0 1 0 0 0 1 0 0 0 -1796.20976387949 -3603.7902361205
1 0 0 0 1 0 0 0 1 0 0 0 -1798.11246247186 -3601.88753752813
1 0 0 0 1 0 0 0 1 0 0 0 -1797.86698750997 -3602.13301249002
1 0 0 0 1 0 0 0 1 0 0 0 -1606.98813545786 -3393.01186454213
1 0 0 0 1 0 0 0 1 0 0 0 -1636.37291499915 -3363.62708500084
1 0 0 0 1 0 0 0 1 0 0 0 -1749.18988399992 -3450.81011600007
1 0 0 0 1 0 0 0 1 0 0 0 -1851.28694663976 -3548.71305336023
1 0 0 0 1 0 0 0 1 0 0 0 -1856.85701714361 -3543.14298285638
1 0 0 0 1 0 0 0 1 0 0 0 -1771.07936212417 -3428.92063787582
1 0 0 0 1 0 0 0 1 0 0 0 -1765.32575984725 -3434.67424015274
1 0 0 0 1 0 0 0 1 0 0 0 -1737.41849358084 -3462.58150641915
1 0 0 0 1 0 0 0 1 0 0 0 -1809.85839627506 -3590.14160372493
1 0 0 0 1 0 0 0 1 0 0 0 -1710.12384757256 -3489.87615242743
1 0 0 0 1 0 0 0 1 0 0 0 -1714.25489329766 -3485.74510670234
1 0 0 0 1 0 0 0 1 0 0 0 -1719.0017169987 -3480.99828300129
1 0 0 0 1 0 0 0 1 0 0 0 -1720.20607402271 -3479.79392597728
1 0 0 0 1 0 0 0 1 0 0 0 -1725.86863356298 -3474.13136643701
1 0 0 0 1 0 0 0 1 0 0 0 -1727.02126967683 -3472.97873032316
1 0 0 0 1 0 0 0 1 0 0 0 -1704.4279524124 -3495.57204758759
1 0 0 0 1 0 0 0 1 0 0 0 -1687.36267587567 -3512.63732412432
1 0 0 0 1 0 0 0 1 0 0 0 -1757.91988383654 -3642.08011616345
1 0 0 0 1 0 0 0 1 0 0 0 -1742.37057075754 -3657.62942924245
1 0 0 0 1 0 0 0 1 0 0 0 -1745.6366693574 -3654.36333064259
1 0 0 0 1 0 0 0 1 0 0 0 -1747.10700605369 -3652.8929939463
1 0 0 0 1 0 0 0 1 0 0 0 -1752.35840788276 -3647.64159211723
1 0 0 0 1 0 0 0 1 0 0 0 -1774.59011623546 -3625.40988376453
1 0 0 0 1 0 0 0 1 0 0 0 -1777.06285087053 -3622.93714912946
1 0 0 0 1 0 0 0 1 0 0 0 -1662.45475628315 -3537.54524371684
1 0 0 0 1 0 0 0 1 0 0 0 -1649.49586769027 -3550.50413230972
1 0 0 0 1 0 0 0 1 0 0 0 -1759.72242324427 -3640.27757675573
1 0 0 0 1 0 0 0 1 0 0 0 -1748.38934384393 -3651.61065615606
1 0 0 0 1 0 0 0 1 0 0 0 -1638.8977324026 -3561.1022675974
1 0 0 0 1 0 0 0 1 0 0 0 -1631.87946764612 -3568.12053235387
1 0 0 0 1 0 0 0 1 0 0 0 -1643.34767976541 -3556.65232023458
1 0 0 0 1 0 0 0 1 0 0 0 -1648.81048218026 -3551.18951781973
1 0 0 0 1 0 0 0 1 0 0 0 -1635.85998396117 -3564.14001603882
1 0 0 0 1 0 0 0 1 0 0 0 -1720.6881684526 -3679.31183154739
1 0 0 0 1 0 0 0 1 0 0 0 -1719.18657688602 -3680.81342311397
1 0 0 0 1 0 0 0 1 0 0 0 -1706.36516608029 -3693.6348339197
1 0 0 0 1 0 0 0 1 0 0 0 -1688.89751306372 -3711.10248693627
1 0 0 0 1 0 0 0 1 0 0 0 -1070.5164622595 -3129.48353774049
1 0 0 0 1 0 0 0 1 0 0 0 -1666.82782083097 -3733.17217916902
1 0 0 0 1 0 0 0 1 0 0 0 -1664.40557306197 -3735.59442693802
1 0 0 0 1 0 0 0 1 0 0 0 -1675.2200575666 -3724.77994243339
1 0 0 0 1 0 0 0 1 0 0 0 -1667.19569199379 -3732.8043080062
1 0 0 0 1 0 0 0 1 0 0 0 -987.97541656405 -3012.02458343595
1 0 0 0 1 0 0 0 1 0 0 0 -1111.5496723876 -3088.45032761239
1 0 0 0 1 0 0 0 1 0 0 0 -1700.23424594262 -3699.76575405737
1 0 0 0 1 0 0 0 1 0 0 0 -958.708232594129 -3041.29176740587
1 0 0 0 1 0 0 0 1 0 0 0 -941.431307145635 -3058.56869285436
1 0 0 0 1 0 0 0 1 0 0 0 -935.453642776109 -3064.54635722389
1 0 0 0 1 0 0 0 1 0 0 0 -1032.96852329726 -3167.03147670273
1 0 0 0 1 0 0 0 1 0 0 0 -1028.09356450567 -3171.90643549432
1 0 0 0 1 0 0 0 1 0 0 0 -1014.64065484745 -3185.35934515254
1 0 0 0 1 0 0 0 1 0 0 0 -1009.73213818447 -3190.26786181552
1 0 0 0 1 0 0 0 1 0 0 0 -1007.63086859181 -3192.36913140818
1 0 0 0 1 0 0 0 1 0 0 0 -1010.34282991561 -3189.65717008438
1 0 0 0 1 0 0 0 1 0 0 0 -1613.62551088592 -3786.37448911407
1 0 0 0 1 0 0 0 1 0 0 0 -1607.45645871116 -3792.54354128883
1 0 0 0 1 0 0 0 1 0 0 0 -1683.83437791344 -3916.16562208655
1 0 0 0 1 0 0 0 1 0 0 0 -1676.29589196048 -3923.70410803951
1 0 0 0 1 0 0 0 1 0 0 0 -1590.49754257511 -3809.50245742488
1 0 0 0 1 0 0 0 1 0 0 0 -1612.76750456338 -3787.23249543661
1 0 0 0 1 0 0 0 1 0 0 0 -1614.1926132425 -3785.80738675749
1 0 0 0 1 0 0 0 1 0 0 0 -1723.1917239733 -3876.80827602669
1 0 0 0 1 0 0 0 1 0 0 0 -1727.0797631625 -3872.92023683749
1 0 0 0 1 0 0 0 1 0 0 0 -1626.85357329207 -3773.14642670792
1 0 0 0 1 0 0 0 1 0 0 0 -1624.84366670524 -3775.15633329475
1 0 0 0 1 0 0 0 1 0 0 0 -1635.50560923715 -3764.49439076284
1 0 0 0 1 0 0 0 1 0 0 0 -1638.32604699937 -3761.67395300062
1 0 0 0 1 0 0 0 1 0 0 0 -1646.61091633396 -3753.38908366603
1 0 0 0 1 0 0 0 1 0 0 0 -1649.14306191284 -3750.85693808715
1 0 0 0 1 0 0 0 1 0 0 0 -1655.37975979039 -3744.6202402096
1 0 0 0 1 0 0 0 1 0 0 0 -1659.08443805738 -3740.91556194261
1 0 0 0 1 0 0 0 1 0 0 0 -1657.56390181251 -3742.43609818748
1 0 0 0 1 0 0 0 1 0 0 0 -1656.93243736589 -3743.0675626341
1 0 0 0 1 0 0 0 1 0 0 0 -1669.70587139085 -3730.29412860914
1 0 0 0 1 0 0 0 1 0 0 0 -1773.79484182415 -3826.20515817584
1 0 0 0 1 0 0 0 1 0 0 0 -1779.63497674141 -3820.36502325858
1 0 0 0 1 0 0 0 1 0 0 0 -1687.08769690197 -3712.91230309802
1 0 0 0 1 0 0 0 1 0 0 0 -1687.64241134332 -3712.35758865667
1 0 0 0 1 0 0 0 1 0 0 0 -1688.11055287165 -3711.88944712834
1 0 0 0 1 0 0 0 1 0 0 0 -1796.70014157372 -3803.29985842627
1 0 0 0 1 0 0 0 1 0 0 0 -1702.12759168364 -3697.87240831635
1 0 0 0 1 0 0 0 1 0 0 0 -1696.95807123685 -3703.04192876314
1 0 0 0 1 0 0 0 1 0 0 0 -1700.50877803625 -3699.49122196374
1 0 0 0 1 0 0 0 1 0 0 0 -1802.27181116768 -3797.72818883231
1 0 0 0 1 0 0 0 1 0 0 0 -1709.76972393996 -3690.23027606003
1 0 0 0 1 0 0 0 1 0 0 0 -1607.94694167337 -3592.05305832662
1 0 0 0 1 0 0 0 1 0 0 0 -1609.47815036206 -3590.52184963794
1 0 0 0 1 0 0 0 1 0 0 0 -1604.17225456556 -3595.82774543443
