1.0 0.0 0.0 0.0 1.0 0.0 0.0 0.0 1.0 -154.907141368661 0.151974791947 -2.664627421722 -41.515125907531 -67.393949636988
1.0 0.0 0.0 0.0 1.0 0.0 0.0 0.0 1.0 -154.155911701759 0.600262767395 -5.016078626216 -41.896378445843 -67.241448621663
1.0 0.0 0.0 0.0 1.0 0.0 0.0 0.0 1.0 -151.844468242194 -0.210841825660 -3.229406678896 -41.849890101397 -67.260043959441
1.0 0.0 0.0 0.0 1.0 0.0 0.0 0.0 1.0 -153.805588164672 -0.167215782680 -4.303300564355 -41.506070848290 -67.397571660684
1.0 0.0 0.0 0.0 1.0 0.0 0.0 0.0 1.0 -153.558099668332 1.488607761386 -10.101565633703 -40.297669286578 -67.880932285369
1.0 0.0 0.0 0.0 1.0 0.0 0.0 0.0 1.0 -153.309803565753 0.034310560318 -5.397649774863 -39.225198193684 -68.309920722526
1.0 0.0 0.0 0.0 1.0 0.0 0.0 0.0 1.0 -152.870381675590 0.204674700872 -5.180179501444 -40.251864041473 -67.899254383411
1.0 0.0 0.0 0.0 1.0 0.0 0.0 0.0 1.0 -151.717194251160 0.105315438573 -4.237512981317 -38.368307940505 -68.652676823798
1.0 0.0 0.0 0.0 1.0 0.0 0.0 0.0 1.0 -150.009676696345 0.407192755529 -4.920023160005 -38.328172697964 -68.668730920814
1.0 0.0 0.0 0.0 1.0 0.0 0.0 0.0 1.0 -151.884857145675 0.284117600101 -4.681070876042 -38.383383617942 -68.646646552823
1.0 0.0 0.0 0.0 1.0 0.0 0.0 0.0 1.0 -151.503492021220 0.141076270199 -4.735830009312 -38.396060810846 -68.641575675661
1.0 0.0 0.0 0.0 1.0 0.0 0.0 0.0 1.0 -151.331914300317 0.082118814297 -3.968329505415 -38.458819036071 -68.616472385571
1.0 0.0 0.0 0.0 1.0 0.0 0.0 0.0 1.0 -150.873527681627 -0.158849070552 -4.328160864012 -38.138005013378 -68.744797994649
1.0 0.0 0.0 0.0 1.0 0.0 0.0 0.0 1.0 -150.498438812348 -0.116292679708 -3.728975668117 -36.903292997387 -69.238682801045
1.0 0.0 0.0 0.0 1.0 0.0 0.0 0.0 1.0 -148.346895115724 0.106791744085 -5.962113113673 -35.871909271386 -69.651236291445
1.0 0.0 0.0 0.0 1.0 0.0 0.0 0.0 1.0 -150.000230964997 0.017749341077 -4.617026516331 -34.913446915327 -70.034621233869
1.0 0.0 0.0 0.0 1.0 0.0 0.0 0.0 1.0 -149.765289942985 -0.015470338375 -4.885621681386 -34.778782026802 -70.088487189279
1.0 0.0 0.0 0.0 1.0 0.0 0.0 0.0 1.0 -149.094607930551 0.855158083690 -5.014726556269 -35.769982011768 -69.692007195293
1.0 0.0 0.0 0.0 1.0 0.0 0.0 0.0 1.0 -149.189567393599 -0.174774494822 -4.328285519998 -36.078091043544 -69.568763582583
1.0 0.0 0.0 0.0 1.0 0.0 0.0 0.0 1.0 -148.842140301369 -0.241562851157 -4.405681749953 -35.579843306089 -69.768062677564
1.0 0.0 0.0 0.0 1.0 0.0 0.0 0.0 1.0 -147.603171627508 -0.522428497938 -2.716800499935 -35.752145783989 -69.699141686404
1.0 0.0 0.0 0.0 1.0 0.0 0.0 0.0 1.0 -146.812347913404 -0.338772283161 -3.989147182344 -35.465744407113 -69.813702237155
1.0 0.0 0.0 0.0 1.0 0.0 0.0 0.0 1.0 -148.056116676470 -0.287762661867 -3.472311706520 -35.529136345010 -69.788345461996
1.0 0.0 0.0 0.0 1.0 0.0 0.0 0.0 1.0 -147.809614707931 -0.283507638293 -3.934621133528 -36.013047798938 -69.594780880425
1.0 0.0 0.0 0.0 1.0 0.0 0.0 0.0 1.0 -147.576245292688 -0.120913041072 -5.373884998192 -37.948012910668 -70.707751357472
1.0 0.0 0.0 0.0 1.0 0.0 0.0 0.0 1.0 -147.263060512665 -0.324547835324 -3.812754942647 -36.823082109503 -69.270767156199
1.0 0.0 0.0 0.0 1.0 0.0 0.0 0.0 1.0 -147.030331246419 -0.357721106260 -3.949154248357 -39.951798558347 -72.056489878987
1.0 0.0 0.0 0.0 1.0 0.0 0.0 0.0 1.0 -144.616977431800 -0.357857375502 -3.377726665262 -41.949298295315 -76.520280681874
1.0 0.0 0.0 0.0 1.0 0.0 0.0 0.0 1.0 -145.642209363112 0.030872613345 -4.778488713636 -38.919064870549 -73.857374051780
1.0 0.0 0.0 0.0 1.0 0.0 0.0 0.0 1.0 -146.370570296848 -0.341073189477 -3.489033657503 -39.657321608596 -74.488290868757
1.0 0.0 0.0 0.0 1.0 0.0 0.0 0.0 1.0 -146.201938919224 -0.315002722247 -4.193640338472 -38.139473902621 -73.084210438951
1.0 0.0 0.0 0.0 1.0 0.0 0.0 0.0 1.0 -145.973723936989 1.063736201329 -4.609038819185 -37.966388439599 -73.047590965624
1.0 0.0 0.0 0.0 1.0 0.0 0.0 0.0 1.0 -145.880758004417 -0.118699749640 -4.025316689445 -39.228942116521 -73.475089820058
1.0 0.0 0.0 0.0 1.0 0.0 0.0 0.0 1.0 -143.500067802885 -0.311331284850 -3.431865388165 -37.421027313245 -71.201589074702
1.0 0.0 0.0 0.0 1.0 0.0 0.0 0.0 1.0 -145.469998418184 -0.285698865092 -3.262319138593 -36.480694224836 -70.492722310066
1.0 0.0 0.0 0.0 1.0 0.0 0.0 0.0 1.0 -145.734644910469 0.863466122624 -5.057452618777 -37.109450259278 -71.326219896289
1.0 0.0 0.0 0.0 1.0 0.0 0.0 0.0 1.0 -145.231021255070 -0.186088081815 -3.004002466104 -36.014425122737 -71.819870976546
1.0 0.0 0.0 0.0 1.0 0.0 0.0 0.0 1.0 -145.203843993593 -0.137957165324 -4.091883819865 -36.859694214601 -74.820224878262
1.0 0.0 0.0 0.0 1.0 0.0 0.0 0.0 1.0 -145.236584559906 -0.024003194771 -3.339538984167 -40.329719248641 -78.147059668965
1.0 0.0 0.0 0.0 1.0 0.0 0.0 0.0 1.0 -143.308695666595 0.692240467113 -4.942804548106 -35.298745721935 -71.022606974384
1.0 0.0 0.0 0.0 1.0 0.0 0.0 0.0 1.0 -144.910352342913 0.246947095476 -2.313072273842 -38.335779862956 -69.807793317975
1.0 0.0 0.0 0.0 1.0 0.0 0.0 0.0 1.0 -144.657227817440 0.219834153097 -2.110479733605 -40.385783983079 -70.129896933084
1.0 0.0 0.0 0.0 1.0 0.0 0.0 0.0 1.0 -145.601749407024 1.263273174626 -3.875545108355 -33.314123356980 -63.305929604576
1.0 0.0 0.0 0.0 1.0 0.0 0.0 0.0 1.0 -144.878150010689 0.298747441347 -3.130553297507 -36.634669086090 -69.346132365564
1.0 0.0 0.0 0.0 1.0 0.0 0.0 0.0 1.0 -144.263306009154 -0.480087802957 -3.564665466056 -26.693934401436 -64.998101915101
1.0 0.0 0.0 0.0 1.0 0.0 0.0 0.0 1.0 -142.761834117330 -0.471539533142 -4.005927528599 -33.764334122361 -76.204792666845
1.0 0.0 0.0 0.0 1.0 0.0 0.0 0.0 1.0 -143.619062888496 -0.921509144044 -9.187501665078 -28.549435171355 -72.580225931458
1.0 0.0 0.0 0.0 1.0 0.0 0.0 0.0 1.0 -143.787079611871 -0.002043871637 -4.236475997846 -30.167591912332 -75.549629901734
1.0 0.0 0.0 0.0 1.0 0.0 0.0 0.0 1.0 -144.350534556831 -0.302328308218 -5.324742574634 -35.834981508051 -83.666007396780
1.0 0.0 0.0 0.0 1.0 0.0 0.0 0.0 1.0 -142.580946838825 0.096757524977 0.741825919314 -35.942691141154 -84.771641492256
1.0 0.0 0.0 0.0 1.0 0.0 0.0 0.0 1.0 -143.637640131813 -0.076992128118 -3.583894479666 -28.543544790022 -76.302582083991
1.0 0.0 0.0 0.0 1.0 0.0 0.0 0.0 1.0 -142.387485316901 -0.056376130393 -2.191370188012 -27.156101524699 -73.137559390120
1.0 0.0 0.0 0.0 1.0 0.0 0.0 0.0 1.0 -143.567789316482 2.879919694836 1.951978485574 -31.994641360665 -77.584496396910
1.0 0.0 0.0 0.0 1.0 0.0 0.0 0.0 1.0 -143.381618077228 0.365414995876 -2.232147220979 -28.136610709128 -73.985355716349
1.0 0.0 0.0 0.0 1.0 0.0 0.0 0.0 1.0 -143.425267632089 0.275949326779 -2.174099398654 -32.038341444683 -79.623552311016
1.0 0.0 0.0 0.0 1.0 0.0 0.0 0.0 1.0 -143.421942081841 0.269161332292 -3.963154979165 -28.833094846438 -75.985680980344
1.0 0.0 0.0 0.0 1.0 0.0 0.0 0.0 1.0 -143.147123701935 1.413601614321 -6.185266826572 -27.894343018692 -75.126473318839
1.0 0.0 0.0 0.0 1.0 0.0 0.0 0.0 1.0 -143.399691587911 0.238198663969 -4.132458966242 -30.337548475570 -77.892758387550
1.0 0.0 0.0 0.0 1.0 0.0 0.0 0.0 1.0 -141.285282441479 0.203886512290 -2.653544440037 -32.037731932192 -79.623796116012
1.0 0.0 0.0 0.0 1.0 0.0 0.0 0.0 1.0 -141.648871220296 -1.308832269123 -1.276034533516 -27.437051284188 -74.265179486325
1.0 0.0 0.0 0.0 1.0 0.0 0.0 0.0 1.0 -143.044542861829 -0.052432298708 -1.883820332620 -26.464404208160 -73.414238316736
1.0 0.0 0.0 0.0 1.0 0.0 0.0 0.0 1.0 -143.037013985900 0.099759030501 -1.464820590072 -26.097856518647 -73.560857392541
1.0 0.0 0.0 0.0 1.0 0.0 0.0 0.0 1.0 -142.441132209837 -1.390638224559 -5.906577973532 -30.032308093016 -78.014854540571
1.0 0.0 0.0 0.0 1.0 0.0 0.0 0.0 1.0 -142.996272538706 -0.050541165361 -2.583479407966 -21.980406120212 -70.541170885248
1.0 0.0 0.0 0.0 1.0 0.0 0.0 0.0 1.0 -140.761813731165 0.059533829972 -3.723970229546 -22.618720795392 -71.452511681843
1.0 0.0 0.0 0.0 1.0 0.0 0.0 0.0 1.0 -142.627729620770 0.238906969594 -5.039396054293 -32.107727792155 -81.435856251559
1.0 0.0 0.0 0.0 1.0 0.0 0.0 0.0 1.0 -143.071651703288 -0.121134269242 -4.395196566270 -25.899746752237 -74.782206562263
1.0 0.0 0.0 0.0 1.0 0.0 0.0 0.0 1.0 -143.046766283523 -0.135227830267 -3.796392524724 -25.557974086842 -73.776810365263
1.0 0.0 0.0 0.0 1.0 0.0 0.0 0.0 1.0 -143.094685042959 -0.125561179809 -3.717125404352 -33.948729912210 -81.270508035116
1.0 0.0 0.0 0.0 1.0 0.0 0.0 0.0 1.0 -143.441611000844 0.047170179846 -0.983240237908 -22.556297084037 -68.177481166385
1.0 0.0 0.0 0.0 1.0 0.0 0.0 0.0 1.0 -140.577609219751 0.020955787199 -1.508356970337 -29.976666217110 -74.489333513156
1.0 0.0 0.0 0.0 1.0 0.0 0.0 0.0 1.0 -142.356959459463 0.056453833999 -1.950195827721 -29.041480917194 -73.623407633123
1.0 0.0 0.0 0.0 1.0 0.0 0.0 0.0 1.0 -142.042672027295 -0.012406371453 -1.458225355571 -28.232268223867 -72.707092710453
1.0 0.0 0.0 0.0 1.0 0.0 0.0 0.0 1.0 -143.926548141482 -0.321997818032 -6.892919057764 -33.274941559410 -78.479766965979
1.0 0.0 0.0 0.0 1.0 0.0 0.0 0.0 1.0 -142.314599915678 -0.217136706133 -4.431043389574 -30.584843789007 -76.000208825861
1.0 0.0 0.0 0.0 1.0 0.0 0.0 0.0 1.0 -142.333172276085 -0.222754672844 -5.705152772150 -40.824568525079 -86.040904297285
1.0 0.0 0.0 0.0 1.0 0.0 0.0 0.0 1.0 -139.171135188715 0.125527679807 -2.873910084154 -31.620287953045 -74.778200608256
1.0 0.0 0.0 0.0 1.0 0.0 0.0 0.0 1.0 -141.603094102619 -0.191097719442 -3.402983505290 -37.711556597432 -80.075377361027
1.0 0.0 0.0 0.0 1.0 0.0 0.0 0.0 1.0 -141.490689582103 -0.120558537310 -2.075821367229 -33.604372831438 -74.278250867425
1.0 0.0 0.0 0.0 1.0 0.0 0.0 0.0 1.0 -141.465767263111 -0.628679838738 2.862635644530 -30.173891087879 -69.048090623672
1.0 0.0 0.0 0.0 1.0 0.0 0.0 0.0 1.0 -141.077887187859 -0.090883371294 -1.730295962466 -26.767410341573 -65.126369196704
1.0 0.0 0.0 0.0 1.0 0.0 0.0 0.0 1.0 -140.952706226608 -0.085506776960 -1.562079819967 -36.437577560813 -74.989071539778
1.0 0.0 0.0 0.0 1.0 0.0 0.0 0.0 1.0 -140.697246677827 -0.146761451305 -2.869857117084 -32.942964499294 -71.964919463440
1.0 0.0 0.0 0.0 1.0 0.0 0.0 0.0 1.0 -139.130381156848 -0.157484425170 -4.394184475218 -36.872119264287 -77.245889136391
1.0 0.0 0.0 0.0 1.0 0.0 0.0 0.0 1.0 -141.112240575664 -0.106204486394 -6.815763117093 -34.383972892712 -74.814831895547
1.0 0.0 0.0 0.0 1.0 0.0 0.0 0.0 1.0 -140.869805608524 -0.181397615801 -3.361139402635 -37.200199090584 -78.503704147550
1.0 0.0 0.0 0.0 1.0 0.0 0.0 0.0 1.0 -140.687927329691 -0.073555163447 -3.027566682011 -37.461346151336 -79.030846154850
1.0 0.0 0.0 0.0 1.0 0.0 0.0 0.0 1.0 -140.703574745097 -0.019341765524 -2.442398787651 -31.718718306735 -73.596723203622
1.0 0.0 0.0 0.0 1.0 0.0 0.0 0.0 1.0 -139.912616986961 0.530891728196 0.616876764511 -33.332485565561 -76.377532089565
1.0 0.0 0.0 0.0 1.0 0.0 0.0 0.0 1.0 -138.920892980423 -0.076233070179 -2.443355982942 -29.357627402521 -73.369769551812
1.0 0.0 0.0 0.0 1.0 0.0 0.0 0.0 1.0 -140.833474600519 -0.080528015549 -1.821845023534 -32.354552219094 -76.622281676465
1.0 0.0 0.0 0.0 1.0 0.0 0.0 0.0 1.0 -140.719578262163 1.489829537328 -2.808441879619 -24.464876986696 -68.829433820706
1.0 0.0 0.0 0.0 1.0 0.0 0.0 0.0 1.0 -140.801108972482 0.082175118602 -1.242394782792 -30.660839885253 -75.161979835372
1.0 0.0 0.0 0.0 1.0 0.0 0.0 0.0 1.0 -140.810215266538 0.033853874178 -1.746359059449 -29.561278996013 -74.521434347541
1.0 0.0 0.0 0.0 1.0 0.0 0.0 0.0 1.0 -140.777202536502 -0.981156862160 -3.987799900632 -23.529733187969 -68.126568263274
1.0 0.0 0.0 0.0 1.0 0.0 0.0 0.0 1.0 -138.650405196970 -0.095570008413 -2.380061541833 -24.486772436788 -69.897598717593
1.0 0.0 0.0 0.0 1.0 0.0 0.0 0.0 1.0 -140.838045066281 -0.097243748405 -2.507012083005 -32.297120925840 -78.972060720573
1.0 0.0 0.0 0.0 1.0 0.0 0.0 0.0 1.0 -142.564659593482 -0.152730787600 -4.957795511709 -27.260296999114 -74.039359461224
1.0 0.0 0.0 0.0 1.0 0.0 0.0 0.0 1.0 -141.149785416721 -0.438684849285 -3.426221659959 -30.461514371097 -77.602060918228
1.0 0.0 0.0 0.0 1.0 0.0 0.0 0.0 1.0 -141.200808726338 -0.500431867082 -2.327829163700 -29.703599172593 -77.050378512781
1.0 0.0 0.0 0.0 1.0 0.0 0.0 0.0 1.0 -141.385103449233 -0.404717629249 -3.208506572713 -31.853286252000 -79.525352165867
1.0 0.0 0.0 0.0 1.0 0.0 0.0 0.0 1.0 -139.105479856628 -0.599456512278 -0.739669348761 -26.776075640318 -74.348106329239
1.0 0.0 0.0 0.0 1.0 0.0 0.0 0.0 1.0 -141.074607491025 -0.932984758708 -0.219741281796 -22.570436800761 -70.421825279695
1.0 0.0 0.0 0.0 1.0 0.0 0.0 0.0 1.0 -141.212084876967 -0.180960916514 -0.758314911869 -18.993542316385 -66.602583073446
1.0 0.0 0.0 0.0 1.0 0.0 0.0 0.0 1.0 -141.448034067874 -0.714977720299 -1.087685114762 -25.713903453690 -73.714438618524
1.0 0.0 0.0 0.0 1.0 0.0 0.0 0.0 1.0 -141.203495901209 -0.391081823185 -1.399269188886 -19.673195300837 -68.277063343080
1.0 0.0 0.0 0.0 1.0 0.0 0.0 0.0 1.0 -141.246650956100 -0.456154821237 -1.684598865596 -24.654248698416 -74.138300520634
1.0 0.0 0.0 0.0 1.0 0.0 0.0 0.0 1.0 -139.355462352948 0.999444140526 -4.988126922199 -27.031353624989 -77.224667852330
1.0 0.0 0.0 0.0 1.0 0.0 0.0 0.0 1.0 -141.607718144890 -0.275729002309 -2.684459310762 -24.660288974757 -75.122248046461
1.0 0.0 0.0 0.0 1.0 0.0 0.0 0.0 1.0 -141.688887540719 -0.214533490681 -3.402665910739 -26.801828514677 -75.297873245292
1.0 0.0 0.0 0.0 1.0 0.0 0.0 0.0 1.0 -140.636071771693 -0.963838356266 1.587962562011 -31.765415378902 -79.762126531366
1.0 0.0 0.0 0.0 1.0 0.0 0.0 0.0 1.0 -141.444675509880 -0.354079254134 -1.806783075892 -31.091127722826 -78.073548910869
1.0 0.0 0.0 0.0 1.0 0.0 0.0 0.0 1.0 -141.410204815379 -0.358480954550 -0.213621529903 -26.568002277234 -73.372799089106
1.0 0.0 0.0 0.0 1.0 0.0 0.0 0.0 1.0 -140.972812131627 -0.925223987109 -1.428058547048 -29.560736036462 -77.342372252082
1.0 0.0 0.0 0.0 1.0 0.0 0.0 0.0 1.0 -140.670198513211 -1.564179928759 -1.658879683986 -28.851767430398 -76.496502330166
1.0 0.0 0.0 0.0 1.0 0.0 0.0 0.0 1.0 -141.784074838430 -0.405883186406 -1.754609110756 -28.764660109040 -76.531345258709
1.0 0.0 0.0 0.0 1.0 0.0 0.0 0.0 1.0 -141.629772813076 -0.602724276210 -3.876441624559 -30.374393105145 -76.782060939760
1.0 0.0 0.0 0.0 1.0 0.0 0.0 0.0 1.0 -141.992237613325 -0.524447325442 -1.439786738727 -34.423363448961 -77.463987953749
1.0 0.0 0.0 0.0 1.0 0.0 0.0 0.0 1.0 -141.940363151667 -0.571292162750 -2.064200105078 -27.231263987266 -68.557494405094
1.0 0.0 0.0 0.0 1.0 0.0 0.0 0.0 1.0 -142.420271677378 0.214199187267 1.943577838825 -34.235318070890 -74.645872771644
1.0 0.0 0.0 0.0 1.0 0.0 0.0 0.0 1.0 -139.844820432169 -0.411299352023 -1.129031447503 -33.252247130856 -72.869101147657
1.0 0.0 0.0 0.0 1.0 0.0 0.0 0.0 1.0 -141.935013482175 -0.306355502588 -0.007556782634 -35.080627578891 -74.201895309907
1.0 0.0 0.0 0.0 1.0 0.0 0.0 0.0 1.0 -142.691681932613 -0.123795043226 -3.746027982979 -38.254510003398 -76.964862665307
1.0 0.0 0.0 0.0 1.0 0.0 0.0 0.0 1.0 -142.060766985514 -0.316656590932 -1.578713310154 -33.120201392668 -70.751919442933
1.0 0.0 0.0 0.0 1.0 0.0 0.0 0.0 1.0 -142.320407874639 -0.128767285358 -2.177323057079 -34.832838419401 -72.837077398197
1.0 0.0 0.0 0.0 1.0 0.0 0.0 0.0 1.0 -142.535725464460 -1.848646317097 -4.498111478379 -39.027818792510 -76.104428038552
1.0 0.0 0.0 0.0 1.0 0.0 0.0 0.0 1.0 -140.350032526051 -0.379604781100 -1.603426746596 -34.326320081702 -70.269471967319
1.0 0.0 0.0 0.0 1.0 0.0 0.0 0.0 1.0 -142.451057481948 -0.430648881992 -1.991693829190 -37.162538523206 -73.172193893043
1.0 0.0 0.0 0.0 1.0 0.0 0.0 0.0 1.0 -142.350165421880 -0.404301304266 -0.210151801944 -35.420458106324 -70.841119083052
1.0 0.0 0.0 0.0 1.0 0.0 0.0 0.0 1.0 -143.542708933379 -0.534190258971 1.749681880962 -30.210235357007 -64.753115159523
1.0 0.0 0.0 0.0 1.0 0.0 0.0 0.0 1.0 -142.254479152345 -0.509885258257 0.338101027295 -36.440300509281 -69.423879796288
1.0 0.0 0.0 0.0 1.0 0.0 0.0 0.0 1.0 -142.376411999380 -0.684207278549 -1.062479267017 -39.407836753398 -71.007078064598
1.0 0.0 0.0 0.0 1.0 0.0 0.0 0.0 1.0 -140.497398082925 -0.793032110410 -2.205227584711 -48.892733635333 -78.442906545867
1.0 0.0 0.0 0.0 1.0 0.0 0.0 0.0 1.0 -143.366392971090 1.516530307064 -7.015715007428 -50.563781523718 -77.774487390513
1.0 0.0 0.0 0.0 1.0 0.0 0.0 0.0 1.0 -142.997592466584 -0.737639065229 -3.315451127896 -48.587649097955 -73.056244708644
1.0 0.0 0.0 0.0 1.0 0.0 0.0 0.0 1.0 -142.441351025112 0.108188366657 1.881588174410 -45.186005855069 -70.972109285879
1.0 0.0 0.0 0.0 1.0 0.0 0.0 0.0 1.0 -142.514454256121 -0.214378693996 0.419416266701 -43.879628725312 -70.682294851338
1.0 0.0 0.0 0.0 1.0 0.0 0.0 0.0 1.0 -142.725899887056 -0.532103514187 0.469827277807 -42.011918101121 -68.253769344918
1.0 0.0 0.0 0.0 1.0 0.0 0.0 0.0 1.0 -141.605758069591 -0.157777046858 -1.301363575433 -46.519217115047 -72.802069251542
1.0 0.0 0.0 0.0 1.0 0.0 0.0 0.0 1.0 -142.294810378593 -0.128976702072 -0.607035303395 -43.763678157950 -69.522435713564
1.0 0.0 0.0 0.0 1.0 0.0 0.0 0.0 1.0 -143.013667088922 -0.266842322944 -0.850967112540 -46.345472198811 -72.526927399545
1.0 0.0 0.0 0.0 1.0 0.0 0.0 0.0 1.0 -143.131127048794 -0.267047477526 -1.120708887652 -44.981258340231 -70.939314845726
1.0 0.0 0.0 0.0 1.0 0.0 0.0 0.0 1.0 -143.519264899684 -0.488219393872 -4.169538884102 -41.748892903313 -68.286806475038
1.0 0.0 0.0 0.0 1.0 0.0 0.0 0.0 1.0 -143.237888736970 -0.334413675533 -1.671974265731 -45.895157980818 -73.908603474340
1.0 0.0 0.0 0.0 1.0 0.0 0.0 0.0 1.0 -141.785467479925 -0.300492534613 -0.860836964819 -42.277389038697 -70.189044384521
1.0 0.0 0.0 0.0 1.0 0.0 0.0 0.0 1.0 -143.538169538043 1.066955464046 -0.315741855879 -35.052825886614 -63.978869645354
1.0 0.0 0.0 0.0 1.0 0.0 0.0 0.0 1.0 -143.262983162221 -0.171384304209 -0.303111222511 -42.847646002912 -71.907453226742
1.0 0.0 0.0 0.0 1.0 0.0 0.0 0.0 1.0 -143.806470703324 0.474577097778 -1.616570764987 -43.567287926872 -72.491266647433
1.0 0.0 0.0 0.0 1.0 0.0 0.0 0.0 1.0 -143.579286362809 0.096955993169 -0.438273721791 -44.228635967851 -74.199454703769
1.0 0.0 0.0 0.0 1.0 0.0 0.0 0.0 1.0 -143.243584324253 -0.356661271282 -1.064495763629 -42.200844278829 -72.051480470287
1.0 0.0 0.0 0.0 1.0 0.0 0.0 0.0 1.0 -143.204102619272 -0.476320466593 -0.899718557469 -42.810152624358 -72.794120768439
1.0 0.0 0.0 0.0 1.0 0.0 0.0 0.0 1.0 -140.996147479533 0.505727905155 -0.733753752865 -45.173870210571 -75.230451915772
1.0 0.0 0.0 0.0 1.0 0.0 0.0 0.0 1.0 -143.064772715616 -0.442271663246 -1.314844180870 -43.562435343045 -73.808359196115
1.0 0.0 0.0 0.0 1.0 0.0 0.0 0.0 1.0 -142.930787129550 -0.226391433038 0.193654201896 -42.893771513271 -73.193710906887
1.0 0.0 0.0 0.0 1.0 0.0 0.0 0.0 1.0 -142.733205591614 -0.262814460949 -0.746840733360 -40.173477738279 -70.047682075420
1.0 0.0 0.0 0.0 1.0 0.0 0.0 0.0 1.0 -142.598901854742 -0.355728923396 0.121750320814 -42.988747152095 -72.097184065991
1.0 0.0 0.0 0.0 1.0 0.0 0.0 0.0 1.0 -142.519592004146 -0.374552638751 -1.087509396749 -35.162551050247 -63.105711287218
1.0 0.0 0.0 0.0 1.0 0.0 0.0 0.0 1.0 -141.610737080767 -0.345972490777 -0.538276107355 -44.380120523615 -72.447951790554
1.0 0.0 0.0 0.0 1.0 0.0 0.0 0.0 1.0 -142.516335429006 -0.287617060091 -1.099536817121 -45.524820306816 -74.056738543940
1.0 0.0 0.0 0.0 1.0 0.0 0.0 0.0 1.0 -142.449252051680 -0.273546218326 -0.745911123264 -41.544881084812 -70.409954542819
1.0 0.0 0.0 0.0 1.0 0.0 0.0 0.0 1.0 -142.441815028309 -0.239411980510 -0.482627825868 -42.109085125963 -71.193575251940
1.0 0.0 0.0 0.0 1.0 0.0 0.0 0.0 1.0 -142.841491743704 0.856396774433 -0.390431008472 -45.515405726373 -75.093837709451
1.0 0.0 0.0 0.0 1.0 0.0 0.0 0.0 1.0 -142.527575969416 -0.158878669136 -0.163795041908 -39.065586531492 -68.373765387403
1.0 0.0 0.0 0.0 1.0 0.0 0.0 0.0 1.0 -140.427572340529 -0.201259826497 -1.306306086117 -43.585154488077 -73.799271538103
1.0 0.0 0.0 0.0 1.0 0.0 0.0 0.0 1.0 -141.780551643766 0.811838447267 0.532011922883 -40.773676112595 -71.727738857288
1.0 0.0 0.0 0.0 1.0 0.0 0.0 0.0 1.0 -142.542646197990 -0.189609277371 -1.004074998088 -40.225409364527 -72.043169587522
1.0 0.0 0.0 0.0 1.0 0.0 0.0 0.0 1.0 -142.513521868988 -0.150709175404 0.392201834875 -43.334662467943 -75.966135012823
1.0 0.0 0.0 0.0 1.0 0.0 0.0 0.0 1.0 -142.926002331347 -0.375842901649 -0.422061406499 -43.131772339199 -76.047291064320
1.0 0.0 0.0 0.0 1.0 0.0 0.0 0.0 1.0 -142.584338675791 -0.309727281043 -0.249920581489 -38.900576528412 -71.467676365379
1.0 0.0 0.0 0.0 1.0 0.0 0.0 0.0 1.0 -140.631317364659 -0.261884881458 -0.095342036073 -39.350505852330 -72.393130992401
1.0 0.0 0.0 0.0 1.0 0.0 0.0 0.0 1.0 -142.808637656026 0.369729389662 -0.765151231926 -39.500286399859 -72.333218773390
1.0 0.0 0.0 0.0 1.0 0.0 0.0 0.0 1.0 -142.477142260714 -0.229682842701 0.217045722510 -39.975130343537 -73.302630789415
1.0 0.0 0.0 0.0 1.0 0.0 0.0 0.0 1.0 -142.333134523420 -0.169600479757 -0.658499894638 -31.408440331685 -64.786623867326
1.0 0.0 0.0 0.0 1.0 0.0 0.0 0.0 1.0 -143.292755239140 0.694205953977 0.357655197871 -40.263960849416 -74.245635172429
1.0 0.0 0.0 0.0 1.0 0.0 0.0 0.0 1.0 -142.106479979520 -0.214068766176 -0.501056682506 -40.681267336869 -75.137249162813
1.0 0.0 0.0 0.0 1.0 0.0 0.0 0.0 1.0 -141.819222753924 -0.263421132413 0.200769349499 -37.016887903736 -71.259911505172
1.0 0.0 0.0 0.0 1.0 0.0 0.0 0.0 1.0 -140.219147428499 -0.240026184998 -0.917685959568 -39.471108983050 -74.411556406780
1.0 0.0 0.0 0.0 1.0 0.0 0.0 0.0 1.0 -142.184853144727 -0.186938089348 -0.811193773615 -39.470252812271 -75.445232208425
1.0 0.0 0.0 0.0 1.0 0.0 0.0 0.0 1.0 -142.066372256462 1.001823182750 -0.621179584959 -39.019858574271 -75.987056570291
1.0 0.0 0.0 0.0 1.0 0.0 0.0 0.0 1.0 -141.772488527082 -0.015676339321 -0.014973497362 -37.531454129613 -75.664341425078
1.0 0.0 0.0 0.0 1.0 0.0 0.0 0.0 1.0 -141.618679853976 -0.032467312762 1.244653678015 -34.724151971966 -73.365339211214
1.0 0.0 0.0 0.0 1.0 0.0 0.0 0.0 1.0 -142.343123988839 0.426648713234 -0.348842791404 -27.677564351027 -66.278974259589
1.0 0.0 0.0 0.0 1.0 0.0 0.0 0.0 1.0 -139.671380485950 -0.202584654874 1.031201940291 -35.410804438128 -74.069824566212
1.0 0.0 0.0 0.0 1.0 0.0 0.0 0.0 1.0 -141.649064192522 -0.124303994539 -0.363637789550 -40.593440169456 -77.289453200510
1.0 0.0 0.0 0.0 1.0 0.0 0.0 0.0 1.0 -142.054513970025 1.320824643748 -2.995802583903 -38.790871510813 -72.616984729008
1.0 0.0 0.0 0.0 1.0 0.0 0.0 0.0 1.0 -141.741496034749 0.227050624930 -0.446896359954 -42.045859355519 -73.381656257792
1.0 0.0 0.0 0.0 1.0 0.0 0.0 0.0 1.0 -141.724154642998 0.223582843535 0.260673112378 -41.343408984746 -72.887636406101
1.0 0.0 0.0 0.0 1.0 0.0 0.0 0.0 1.0 -140.324050625183 -1.433342913223 1.596914806214 -42.080429469148 -74.577584309902
1.0 0.0 0.0 0.0 1.0 0.0 0.0 0.0 1.0 -139.113215760456 -0.101872947998 0.517113960515 -39.571114685202 -72.511554125919
1.0 0.0 0.0 0.0 1.0 0.0 0.0 0.0 1.0 -141.494155720541 -0.122413642922 1.674945836837 -29.375071740802 -61.480740534449
1.0 0.0 0.0 0.0 1.0 0.0 0.0 0.0 1.0 -141.420222029587 -0.282521312565 1.073803409298 -28.172502286670 -60.884845239178
1.0 0.0 0.0 0.0 1.0 0.0 0.0 0.0 1.0 -141.596683533064 0.041204508816 -0.481463945652 -28.122440322441 -58.751023871024
1.0 0.0 0.0 0.0 1.0 0.0 0.0 0.0 1.0 -141.277666092249 -0.123074585035 -0.165142570784 -38.601435394611 -64.775642058372
1.0 0.0 0.0 0.0 1.0 0.0 0.0 0.0 1.0 -141.524813162621 -0.089169883367 -0.222153544988 -43.161719119531 -70.073773890649
1.0 0.0 0.0 0.0 1.0 0.0 0.0 0.0 1.0 -138.411577307387 0.227919573018 -3.210892597535 -45.032502865014 -72.186998853994
1.0 0.0 0.0 0.0 1.0 0.0 0.0 0.0 1.0 -141.813211778526 0.131835674207 -1.515515199336 -49.524903233572 -78.190038706571
1.0 0.0 0.0 0.0 1.0 0.0 0.0 0.0 1.0 -141.976357834867 0.054053785062 -0.878779275525 -44.610043745750 -74.046891592609
1.0 0.0 0.0 0.0 1.0 0.0 0.0 0.0 1.0 -140.760872995113 -0.039366860640 4.302602407831 -38.237053603027 -68.705178558789
1.0 0.0 0.0 0.0 1.0 0.0 0.0 0.0 1.0 -141.855743321912 0.010826553341 0.921051826024 -39.897493784459 -69.183107749374
1.0 0.0 0.0 0.0 1.0 0.0 0.0 0.0 1.0 -141.835675545174 -0.002979073045 0.840456444203 -41.305741967288 -70.996622132004
1.0 0.0 0.0 0.0 1.0 0.0 0.0 0.0 1.0 -140.914323000516 -0.654198610097 0.907812791893 -43.592296285101 -72.427946350824
1.0 0.0 0.0 0.0 1.0 0.0 0.0 0.0 1.0 -142.085382027517 -0.195072886872 0.424322813846 -37.050033345333 -65.127355082919
1.0 0.0 0.0 0.0 1.0 0.0 0.0 0.0 1.0 -142.277911675188 -0.213829078304 0.297869376121 -43.220234953763 -71.163188069777
1.0 0.0 0.0 0.0 1.0 0.0 0.0 0.0 1.0 -142.559369381853 -0.285658929957 -1.719487338077 -42.013591067024 -70.533025111652
1.0 0.0 0.0 0.0 1.0 0.0 0.0 0.0 1.0 -142.803499343199 -0.426505577404 -2.801233752860 -38.686111646999 -68.525555341200
1.0 0.0 0.0 0.0 1.0 0.0 0.0 0.0 1.0 -142.619278014546 -0.096626959410 -0.170564674586 -40.195698516399 -70.205931119756
1.0 0.0 0.0 0.0 1.0 0.0 0.0 0.0 1.0 -141.936893356195 -0.035204324037 0.139952676364 -42.313797037858 -72.939346049722
1.0 0.0 0.0 0.0 1.0 0.0 0.0 0.0 1.0 -141.534580819325 -0.495313448478 1.070903369300 -39.186133766649 -69.498519466314
1.0 0.0 0.0 0.0 1.0 0.0 0.0 0.0 1.0 -142.876183587517 -0.308781210966 0.866454740614 -41.082452694842 -72.258910813955
1.0 0.0 0.0 0.0 1.0 0.0 0.0 0.0 1.0 -142.834849891824 -0.073680152949 0.994323342935 -34.002234513837 -66.615322410682
1.0 0.0 0.0 0.0 1.0 0.0 0.0 0.0 1.0 -143.162007961246 0.146115707128 -1.421675491925 -40.616099535060 -74.606191764923
1.0 0.0 0.0 0.0 1.0 0.0 0.0 0.0 1.0 -143.246519789151 -0.021429992690 -0.502124825723 -35.923735303275 -70.743326391510
1.0 0.0 0.0 0.0 1.0 0.0 0.0 0.0 1.0 -143.264063002986 -0.191186777658 -0.161420150883 -37.295921575384 -72.420092908308
1.0 0.0 0.0 0.0 1.0 0.0 0.0 0.0 1.0 -141.190889506894 -0.217778965725 0.023907743633 -39.414377970053 -75.086880390926
1.0 0.0 0.0 0.0 1.0 0.0 0.0 0.0 1.0 -143.496550809651 -0.667118488867 0.279886164022 -36.279310321499 -71.772486397716
1.0 0.0 0.0 0.0 1.0 0.0 0.0 0.0 1.0 -143.480748323287 -0.132874956139 0.305800736950 -41.530407189455 -77.944593880975
1.0 0.0 0.0 0.0 1.0 0.0 0.0 0.0 1.0 -143.580946017437 -0.100861425532 0.848448690140 -36.039387922269 -73.010560620566
1.0 0.0 0.0 0.0 1.0 0.0 0.0 0.0 1.0 -143.728705691370 -0.171872032978 0.924800923284 -36.032060408231 -73.013491626181
1.0 0.0 0.0 0.0 1.0 0.0 0.0 0.0 1.0 -143.695713262433 -0.050781025873 1.160260089752 -36.484507269012 -75.116723408185
1.0 0.0 0.0 0.0 1.0 0.0 0.0 0.0 1.0 -141.673045105927 -0.052317708541 0.634379011421 -37.603593414991 -76.953299476109
1.0 0.0 0.0 0.0 1.0 0.0 0.0 0.0 1.0 -144.238101041391 0.234984652484 -0.037757211547 -32.682870922854 -72.039672143679
1.0 0.0 0.0 0.0 1.0 0.0 0.0 0.0 1.0 -144.049328034948 -0.123373645815 0.429614110584 -34.669800793086 -74.583361734048
1.0 0.0 0.0 0.0 1.0 0.0 0.0 0.0 1.0 -144.166305287627 -0.129325686036 0.460423452791 -36.522391370292 -77.180787041627
1.0 0.0 0.0 0.0 1.0 0.0 0.0 0.0 1.0 -144.442623698635 0.499218501146 0.166398135222 -34.959729279798 -76.693031365004
1.0 0.0 0.0 0.0 1.0 0.0 0.0 0.0 1.0 -144.471372907017 -0.114513377842 0.164211021891 -32.885708168954 -76.409819296521
1.0 0.0 0.0 0.0 1.0 0.0 0.0 0.0 1.0 -142.128817415975 -0.633408115001 1.154752909923 -33.467063721864 -77.290097588177
1.0 0.0 0.0 0.0 1.0 0.0 0.0 0.0 1.0 -144.535748556397 -0.452623477467 0.613916829484 -33.510567963767 -75.047054865775
1.0 0.0 0.0 0.0 1.0 0.0 0.0 0.0 1.0 -144.784125221925 -0.168113806497 1.018468156920 -35.853257387839 -74.109979096146
1.0 0.0 0.0 0.0 1.0 0.0 0.0 0.0 1.0 -144.871240908545 -0.170497201498 0.633971477429 -35.689993204870 -74.175284769334
1.0 0.0 0.0 0.0 1.0 0.0 0.0 0.0 1.0 -145.060904889902 0.041863561113 0.749052732222 -39.979653497291 -78.023523216468
1.0 0.0 0.0 0.0 1.0 0.0 0.0 0.0 1.0 -145.127249513502 -0.188168229945 0.549411917232 -34.485986205449 -72.375605517820
1.0 0.0 0.0 0.0 1.0 0.0 0.0 0.0 1.0 -143.851014598962 -0.199420448856 0.499106225577 -35.137214524796 -75.370114190082
1.0 0.0 0.0 0.0 1.0 0.0 0.0 0.0 1.0 -145.130463863102 -1.033704221346 -0.231650785792 -35.532050206890 -75.212179917244
1.0 0.0 0.0 0.0 1.0 0.0 0.0 0.0 1.0 -145.632069058481 -0.283940279556 0.094423363092 -34.219529699254 -73.567188120298
1.0 0.0 0.0 0.0 1.0 0.0 0.0 0.0 1.0 -145.725714979168 -0.275355220166 0.871038523601 -36.463542766485 -74.978685457509
1.0 0.0 0.0 0.0 1.0 0.0 0.0 0.0 1.0 -145.617566635140 -0.572910604548 1.207806620179 -35.683005625431 -73.065259288289
1.0 0.0 0.0 0.0 1.0 0.0 0.0 0.0 1.0 -145.913211479152 -0.334777159453 1.278682155015 -35.665859913434 -73.072117573088
1.0 0.0 0.0 0.0 1.0 0.0 0.0 0.0 1.0 -145.053020354590 -0.107433519846 0.481356986746 -40.700799035494 -77.998627754224
1.0 0.0 0.0 0.0 1.0 0.0 0.0 0.0 1.0 -145.730617556460 -0.184212695852 1.093644130266 -36.569596382080 -73.823443498450
1.0 0.0 0.0 0.0 1.0 0.0 0.0 0.0 1.0 -146.365423842715 -0.314807157032 0.746647236744 -36.379250530495 -73.899581839084
1.0 0.0 0.0 0.0 1.0 0.0 0.0 0.0 1.0 -146.509403743721 -0.308798008329 0.816758635875 -40.559922794316 -78.054978250695
1.0 0.0 0.0 0.0 1.0 0.0 0.0 0.0 1.0 -146.775803607428 -0.121616431241 0.624918895192 -36.038275598004 -72.923151299260
1.0 0.0 0.0 0.0 1.0 0.0 0.0 0.0 1.0 -146.762867736061 -0.313672271823 0.379339524738 -33.718383945683 -70.512646421727
1.0 0.0 0.0 0.0 1.0 0.0 0.0 0.0 1.0 -146.960003671226 -0.366675719332 0.993033060352 -34.779656606075 -71.200957870390
1.0 0.0 0.0 0.0 1.0 0.0 0.0 0.0 1.0 -145.253654029047 -0.779420801472 1.165829394379 -33.679809053268 -70.528076378693
1.0 0.0 0.0 0.0 1.0 0.0 0.0 0.0 1.0 -147.183880634940 -0.378873072143 1.226911503208 -38.256154780986 -75.550169666553
1.0 0.0 0.0 0.0 1.0 0.0 0.0 0.0 1.0 -147.340585150141 -0.331596181650 0.743559327829 -35.691762347219 -73.149610850586
1.0 0.0 0.0 0.0 1.0 0.0 0.0 0.0 1.0 -147.865781514798 -0.318109911794 2.472427611493 -39.966374042573 -77.397234166755
1.0 0.0 0.0 0.0 1.0 0.0 0.0 0.0 1.0 -147.386622425903 -0.285335486138 1.449075409975 -35.449047507155 -72.166326943084
1.0 0.0 0.0 0.0 1.0 0.0 0.0 0.0 1.0 -148.031484587803 0.387406282012 1.358704333499 -34.965949241362 -72.359566249401
1.0 0.0 0.0 0.0 1.0 0.0 0.0 0.0 1.0 -145.566711359243 0.155276775739 1.670698933977 -35.941653344718 -73.142257581032
1.0 0.0 0.0 0.0 1.0 0.0 0.0 0.0 1.0 -147.465591340400 -0.088560556964 1.241442152242 -38.584921359269 -76.776842267103
1.0 0.0 0.0 0.0 1.0 0.0 0.0 0.0 1.0 -148.023991469336 -0.040849096585 0.920695095487 -33.832610714500 -71.609060977358
1.0 0.0 0.0 0.0 1.0 0.0 0.0 0.0 1.0 -147.847748331934 -0.046033371796 0.417385978864 -34.881363761477 -73.473770284883
1.0 0.0 0.0 0.0 1.0 0.0 0.0 0.0 1.0 -147.564298627812 -0.067330099276 1.434823021443 -34.380552629150 -73.674094737814
1.0 0.0 0.0 0.0 1.0 0.0 0.0 0.0 1.0 -147.544731045612 -0.128473742260 0.900043296901 -31.902765211088 -71.238893915565
1.0 0.0 0.0 0.0 1.0 0.0 0.0 0.0 1.0 -146.097310544666 0.919708781871 1.657560522081 -37.818309639122 -77.083486955162
1.0 0.0 0.0 0.0 1.0 0.0 0.0 0.0 1.0 -147.505647438528 -0.266716621348 1.449341019815 -36.675628659884 -75.194613400911
1.0 0.0 0.0 0.0 1.0 0.0 0.0 0.0 1.0 -147.395771581038 0.277137960275 1.582492550714 -36.892072712157 -75.108035780002
1.0 0.0 0.0 0.0 1.0 0.0 0.0 0.0 1.0 -147.415146897472 -0.015099223082 1.619390498399 -33.731715691675 -71.680286696303
1.0 0.0 0.0 0.0 1.0 0.0 0.0 0.0 1.0 -147.415151166499 -0.258237179084 1.244924811833 -36.736761693218 -75.170160187578
1.0 0.0 0.0 0.0 1.0 0.0 0.0 0.0 1.0 -147.362608396937 -0.194892166045 1.923774427251 -33.946875282969 -71.594222859785
1.0 0.0 0.0 0.0 1.0 0.0 0.0 0.0 1.0 -145.003409255747 0.286831456717 0.787884490863 -38.888194385898 -76.883611134529
1.0 0.0 0.0 0.0 1.0 0.0 0.0 0.0 1.0 -146.911270633225 0.066370538846 2.140938170647 -35.179617655168 -72.212363464248
1.0 0.0 0.0 0.0 1.0 0.0 0.0 0.0 1.0 -147.097954222818 0.013167219906 1.346330732898 -36.290367360699 -73.002771974639
1.0 0.0 0.0 0.0 1.0 0.0 0.0 0.0 1.0 -146.960697093709 -0.017455514549 2.302909873020 -38.049494166377 -74.645067198314
1.0 0.0 0.0 0.0 1.0 0.0 0.0 0.0 1.0 -147.318875728009 0.573552085157 1.155710317142 -39.974756709435 -77.146939421489
1.0 0.0 0.0 0.0 1.0 0.0 0.0 0.0 1.0 -146.922791394051 -0.119310150645 1.974020266829 -37.577363856683 -74.533157021429
1.0 0.0 0.0 0.0 1.0 0.0 0.0 0.0 1.0 -146.587013584283 -0.114200474102 2.225299393779 -37.935056220170 -74.690842376797
1.0 0.0 0.0 0.0 1.0 0.0 0.0 0.0 1.0 -144.682832236130 0.414742547557 1.086672074216 -35.712834422185 -72.060812177072
1.0 0.0 0.0 0.0 1.0 0.0 0.0 0.0 1.0 -146.684622370837 -0.133266569340 2.487226858967 -37.072747771689 -73.739321943956
1.0 0.0 0.0 0.0 1.0 0.0 0.0 0.0 1.0 -146.559102859631 -0.110939777638 1.519882272426 -36.374885586853 -72.876361554733
1.0 0.0 0.0 0.0 1.0 0.0 0.0 0.0 1.0 -147.283439273451 0.356608175916 2.027495813294 -31.361814050045 -67.955274379982
1.0 0.0 0.0 0.0 1.0 0.0 0.0 0.0 1.0 -146.423928988315 -0.092999914690 1.561257110086 -30.812156774610 -68.175137290156
1.0 0.0 0.0 0.0 1.0 0.0 0.0 0.0 1.0 -146.096368906112 -0.097402157520 2.411318250944 -35.771576313766 -73.117685263967
1.0 0.0 0.0 0.0 1.0 0.0 0.0 0.0 1.0 -144.398670555782 -0.385245628121 1.048799955352 -38.954099333495 -76.208103856345
1.0 0.0 0.0 0.0 1.0 0.0 0.0 0.0 1.0 -146.209991750781 -0.150672244627 2.069129639053 -36.452910368926 -73.870117903711
1.0 0.0 0.0 0.0 1.0 0.0 0.0 0.0 1.0 -146.111223765774 -0.154107706548 2.535401721960 -35.701808712886 -72.974276514846
1.0 0.0 0.0 0.0 1.0 0.0 0.0 0.0 1.0 -145.897954628936 0.143771499571 1.864563478747 -36.471813164278 -73.645421075752
1.0 0.0 0.0 0.0 1.0 0.0 0.0 0.0 1.0 -145.715605692340 0.236441539679 3.018961494185 -35.122838089718 -71.035864764113
1.0 0.0 0.0 0.0 1.0 0.0 0.0 0.0 1.0 -145.774188788881 0.299730164338 2.057456904897 -35.226869219365 -71.022072825075
1.0 0.0 0.0 0.0 1.0 0.0 0.0 0.0 1.0 -143.411174258876 0.470146130251 3.521302807739 -29.610642331527 -63.831418743065
1.0 0.0 0.0 0.0 1.0 0.0 0.0 0.0 1.0 -145.378641367734 -0.001201294670 1.860163174238 -36.629851773725 -69.348059290510
1.0 0.0 0.0 0.0 1.0 0.0 0.0 0.0 1.0 -145.148818118529 -0.153652919187 3.097341377638 -32.875494376884 -66.542109941554
1.0 0.0 0.0 0.0 1.0 0.0 0.0 0.0 1.0 -145.072287935712 -0.157543737456 2.373178134334 -37.688348659273 -73.264660536291
1.0 0.0 0.0 0.0 1.0 0.0 0.0 0.0 1.0 -145.096076097419 -0.208650999108 2.039812850586 -38.573037016855 -76.360528783002
1.0 0.0 0.0 0.0 1.0 0.0 0.0 0.0 1.0 -144.731063976249 -0.688847032464 0.081388367581 -37.028786218411 -76.598241610197
1.0 0.0 0.0 0.0 1.0 0.0 0.0 0.0 1.0 -142.797019149268 -0.110875398462 0.972660340207 -33.516046775361 -73.848581289856
1.0 0.0 0.0 0.0 1.0 0.0 0.0 0.0 1.0 -144.111161802675 0.757833231163 4.275691067609 -37.448869922357 -77.923016133621
1.0 0.0 0.0 0.0 1.0 0.0 0.0 0.0 1.0 -144.156984870455 0.440499247951 2.855730953882 -35.128601700368 -75.512661883955
1.0 0.0 0.0 0.0 1.0 0.0 0.0 0.0 1.0 -144.304475748873 0.094073384864 3.200749687335 -32.885398786935 -73.071481510867
1.0 0.0 0.0 0.0 1.0 0.0 0.0 0.0 1.0 -144.749849721848 -0.078296554015 2.349463853646 -27.286887821477 -67.700629486794
1.0 0.0 0.0 0.0 1.0 0.0 0.0 0.0 1.0 -144.380873007999 -0.073678603935 3.221883096404 -27.178288205537 -68.820992410093
1.0 0.0 0.0 0.0 1.0 0.0 0.0 0.0 1.0 -141.769173490462 -0.051828878260 2.425540744980 -35.683188358910 -78.406724656436
1.0 0.0 0.0 0.0 1.0 0.0 0.0 0.0 1.0 -143.835238007478 -0.088733534684 2.551843936442 -36.176736589647 -79.294305364141
1.0 0.0 0.0 0.0 1.0 0.0 0.0 0.0 1.0 -143.310665934647 0.196810527153 0.964068907814 -35.960844486069 -79.380662205572
1.0 0.0 0.0 0.0 1.0 0.0 0.0 0.0 1.0 -143.530045177598 0.054746561854 1.672216176317 -35.523299904670 -78.470680038132
1.0 0.0 0.0 0.0 1.0 0.0 0.0 0.0 1.0 -142.878182072476 -0.059608012017 3.160342968096 -31.322648012693 -73.588013965655
1.0 0.0 0.0 0.0 1.0 0.0 0.0 0.0 1.0 -142.868221678630 -0.012711508553 2.255012515299 -37.510648204925 -78.760740718030