1.0 0.0 0.0 0.0 1.0 0.0 0.0 0.0 1.0 -181.909899584533 0.475337793479 -1.297978498597 -33.320625951106 -70.000000000000
1.0 0.0 0.0 0.0 1.0 0.0 0.0 0.0 1.0 -181.848176917408 0.429238798840 -0.797836897196 -35.388987753766 -73.673816663200
1.0 0.0 0.0 0.0 1.0 0.0 0.0 0.0 1.0 -181.559638663404 1.215522781312 -1.169181627359 -33.756540470468 -71.773854400048
1.0 0.0 0.0 0.0 1.0 0.0 0.0 0.0 1.0 -181.653590287616 0.444703390508 -0.653970052362 -38.466911787625 -66.000000000000
1.0 0.0 0.0 0.0 1.0 0.0 0.0 0.0 1.0 -178.871372023984 0.508507533021 -0.924310799241 -31.821853418129 -69.000000000000
1.0 0.0 0.0 0.0 1.0 0.0 0.0 0.0 1.0 -181.749665319395 0.947625895362 -1.721178801615 -38.679258960662 -66.000000000000
1.0 0.0 0.0 0.0 1.0 0.0 0.0 0.0 1.0 -181.508240276908 0.654839818920 -1.081633412955 -31.571193029701 -69.184022788120
1.0 0.0 0.0 0.0 1.0 0.0 0.0 0.0 1.0 -181.443515630801 0.710031065389 -1.059983890109 -39.122911571100 -67.000000000000
1.0 0.0 0.0 0.0 1.0 0.0 0.0 0.0 1.0 -181.328015202180 0.970394742088 -1.032123885428 -29.816042025177 -67.000000000000
1.0 0.0 0.0 0.0 1.0 0.0 0.0 0.0 1.0 -181.189674139822 1.206806581445 -1.011132493624 -31.433162764400 -66.614234894240
1.0 0.0 0.0 0.0 1.0 0.0 0.0 0.0 1.0 -178.468635427285 0.701030001197 -0.907842726670 -39.127044673025 -73.774182130790
1.0 0.0 0.0 0.0 1.0 0.0 0.0 0.0 1.0 -181.129114918146 0.673647913392 -1.152204577804 -40.429285259698 -75.487109425533
1.0 0.0 0.0 0.0 1.0 0.0 0.0 0.0 1.0 -181.092675220066 0.661089402424 -1.154283798213 -35.809698861370 -71.000000000000
1.0 0.0 0.0 0.0 1.0 0.0 0.0 0.0 1.0 -180.463525391238 1.612333516200 -1.480285388022 -35.905561829286 -72.000000000000
1.0 0.0 0.0 0.0 1.0 0.0 0.0 0.0 1.0 -180.951095065769 0.668287446501 -1.344952876992 -38.860559476600 -76.000000000000
1.0 0.0 0.0 0.0 1.0 0.0 0.0 0.0 1.0 -180.881915256445 0.676180146888 -1.338942460689 -38.249432123478 -76.000000000000
1.0 0.0 0.0 0.0 1.0 0.0 0.0 0.0 1.0 -177.066710515847 0.458661192065 -0.651102748046 -28.421771993940 -67.818791202424
1.0 0.0 0.0 0.0 1.0 0.0 0.0 0.0 1.0 -180.582057669801 0.604621360852 -0.977466881716 -33.275524769152 -71.000000000000
1.0 0.0 0.0 0.0 1.0 0.0 0.0 0.0 1.0 -180.554469108199 0.575536159780 -0.848403581142 -38.348104401151 -76.319581768951
1.0 0.0 0.0 0.0 1.0 0.0 0.0 0.0 1.0 -180.328976015105 1.248542104742 -1.138733113008 -34.482244389184 -71.000000000000
1.0 0.0 0.0 0.0 1.0 0.0 0.0 0.0 1.0 -180.393270054714 0.661722571839 -1.231977706165 -34.834149288180 -71.000000000000
1.0 0.0 0.0 0.0 1.0 0.0 0.0 0.0 1.0 -180.381896795340 0.582008936126 -1.093711750889 -34.845563890088 -71.000000000000
1.0 0.0 0.0 0.0 1.0 0.0 0.0 0.0 1.0 -177.943352758248 0.558239567037 -1.009753947616 -38.459247974814 -75.000000000000
1.0 0.0 0.0 0.0 1.0 0.0 0.0 0.0 1.0 -179.984598404710 0.589282889757 -0.968470177068 -32.350781779594 -68.872187288162
1.0 0.0 0.0 0.0 1.0 0.0 0.0 0.0 1.0 -179.415029729140 0.995719190382 -0.815007338295 -40.934271605058 -67.000000000000
1.0 0.0 0.0 0.0 1.0 0.0 0.0 0.0 1.0 -180.015925938896 0.613171041213 -0.886368106822 -31.554663881323 -68.000000000000
1.0 0.0 0.0 0.0 1.0 0.0 0.0 0.0 1.0 -179.929626181740 0.647595968835 -0.628888756300 -34.992567479815 -72.000000000000
1.0 0.0 0.0 0.0 1.0 0.0 0.0 0.0 1.0 -179.866569212838 0.640159170143 -0.688912689268 -39.506164829207 -77.000000000000
1.0 0.0 0.0 0.0 1.0 0.0 0.0 0.0 1.0 -179.152172886095 1.731900033419 -2.082033165160 -39.628280412365 -77.000000000000
1.0 0.0 0.0 0.0 1.0 0.0 0.0 0.0 1.0 -177.298180971235 0.711994931333 -0.914220692330 -31.784872075686 -69.000000000000
1.0 0.0 0.0 0.0 1.0 0.0 0.0 0.0 1.0 -179.557964707878 0.771848843724 -1.004423023839 -36.526059471942 -74.000000000000
1.0 0.0 0.0 0.0 1.0 0.0 0.0 0.0 1.0 -178.178119752777 0.548082206257 -0.722119271079 -28.997596933925 -67.000000000000
1.0 0.0 0.0 0.0 1.0 0.0 0.0 0.0 1.0 -179.143371006617 0.753210567214 -0.729587128530 -38.216453603412 -66.000000000000
1.0 0.0 0.0 0.0 1.0 0.0 0.0 0.0 1.0 -179.035430159774 0.772860603970 -0.737052723553 -37.183576831133 -65.000000000000
1.0 0.0 0.0 0.0 1.0 0.0 0.0 0.0 1.0 -178.413874985567 1.154901898677 -0.996591311062 -36.471848307657 -75.000000000000
1.0 0.0 0.0 0.0 1.0 0.0 0.0 0.0 1.0 -176.352024491344 0.782206973767 -0.759846646391 -37.177432666307 -64.000000000000
1.0 0.0 0.0 0.0 1.0 0.0 0.0 0.0 1.0 -178.613400348733 0.751119242231 -0.624927961969 -38.350609935667 -76.550665116642
1.0 0.0 0.0 0.0 1.0 0.0 0.0 0.0 1.0 -178.393385035642 1.270100491358 -0.937279844987 -34.053449959893 -72.000000000000
1.0 0.0 0.0 0.0 1.0 0.0 0.0 0.0 1.0 -178.273104354039 0.803485666682 -0.548030778386 -31.504285693694 -71.398285722522
1.0 0.0 0.0 0.0 1.0 0.0 0.0 0.0 1.0 -178.097216986456 0.735948770582 -0.682064837879 -34.926721642106 -64.000000000000
1.0 0.0 0.0 0.0 1.0 0.0 0.0 0.0 1.0 -177.916219988731 0.751601115680 -0.457227046388 -33.336419593773 -73.000000000000
1.0 0.0 0.0 0.0 1.0 0.0 0.0 0.0 1.0 -174.386721826302 1.257907564339 -0.932731400071 -34.545621313813 -75.000000000000
1.0 0.0 0.0 0.0 1.0 0.0 0.0 0.0 1.0 -177.543852746142 0.680599012315 -0.543260779881 -36.205902787048 -66.000000000000
1.0 0.0 0.0 0.0 1.0 0.0 0.0 0.0 1.0 -177.359023524083 0.665735227641 -0.541794683993 -36.069507341553 -66.000000000000
1.0 0.0 0.0 0.0 1.0 0.0 0.0 0.0 1.0 -177.001523009788 1.245507972151 -0.834505071921 -31.418531090329 -73.985528740339
1.0 0.0 0.0 0.0 1.0 0.0 0.0 0.0 1.0 -176.965569537750 0.626253802758 -0.356270887062 -34.069546645535 -64.000000000000
1.0 0.0 0.0 0.0 1.0 0.0 0.0 0.0 1.0 -176.753815198519 0.649860178087 -0.541775723190 -32.481139119880 -72.000000000000
1.0 0.0 0.0 0.0 1.0 0.0 0.0 0.0 1.0 -173.226840079614 0.838496050729 -0.894433720484 -34.976990348256 -74.000000000000
1.0 0.0 0.0 0.0 1.0 0.0 0.0 0.0 1.0 -176.357825180651 0.649985852158 -0.631382696141 -35.081771762361 -73.912745840510
1.0 0.0 0.0 0.0 1.0 0.0 0.0 0.0 1.0 -176.187767515839 0.661157271557 -0.587235716698 -36.215880593987 -72.066588938876
1.0 0.0 0.0 0.0 1.0 0.0 0.0 0.0 1.0 -175.705941366405 2.028138936048 -0.826400552442 -41.228818982158 -71.228472407137
1.0 0.0 0.0 0.0 1.0 0.0 0.0 0.0 1.0 -175.756640627249 0.697430720370 -0.384642952248 -42.118598409018 -71.221310636393
1.0 0.0 0.0 0.0 1.0 0.0 0.0 0.0 1.0 -175.533827239052 0.713385628402 -0.466218539817 -41.148923967947 -68.780430412821
1.0 0.0 0.0 0.0 1.0 0.0 0.0 0.0 1.0 -172.831782612826 1.064808674471 -0.763044090876 -42.382374500491 -69.527050199804
1.0 0.0 0.0 0.0 1.0 0.0 0.0 0.0 1.0 -175.429090265194 1.441601072304 -0.958580162740 -38.067198340836 -65.890767722489
1.0 0.0 0.0 0.0 1.0 0.0 0.0 0.0 1.0 -175.180859703504 0.803068585141 -0.785333707597 -45.180465404177 -74.607813838329
1.0 0.0 0.0 0.0 1.0 0.0 0.0 0.0 1.0 -175.083523232719 0.854309104091 -0.474275719462 -44.941581829674 -74.703367268130
1.0 0.0 0.0 0.0 1.0 0.0 0.0 0.0 1.0 -174.955702124259 0.870025422658 -0.549521286143 -42.034939142681 -72.146024342928
1.0 0.0 0.0 0.0 1.0 0.0 0.0 0.0 1.0 -173.935412730883 2.702226003537 -0.254477441961 -34.598281467510 -65.760687412996
1.0 0.0 0.0 0.0 1.0 0.0 0.0 0.0 1.0 -173.751451131202 0.981980403803 -0.118150863277 -34.633119724582 -66.094120531220
1.0 0.0 0.0 0.0 1.0 0.0 0.0 0.0 1.0 -172.741568189319 1.021966026677 0.024048769529 -40.871578250665 -72.219789752365
1.0 0.0 0.0 0.0 1.0 0.0 0.0 0.0 1.0 -173.234771589865 1.613552445462 -1.125496291510 -38.619307704460 -70.722276918216
1.0 0.0 0.0 0.0 1.0 0.0 0.0 0.0 1.0 -174.202535218913 1.013810397945 -0.451469683577 -39.673169669054 -73.090732132378
1.0 0.0 0.0 0.0 1.0 0.0 0.0 0.0 1.0 -174.105005310033 1.021500281462 -0.350723902038 -40.678023207874 -74.510040716850
1.0 0.0 0.0 0.0 1.0 0.0 0.0 0.0 1.0 -173.901771212854 0.934793702519 -1.159327554993 -33.807170757844 -68.670680083959
1.0 0.0 0.0 0.0 1.0 0.0 0.0 0.0 1.0 -172.999371826434 0.849676213075 -0.296682738170 -30.812360652107 -66.862555739157
1.0 0.0 0.0 0.0 1.0 0.0 0.0 0.0 1.0 -171.986212750339 0.823325838972 -0.720246976813 -37.123946193314 -74.256303875616
1.0 0.0 0.0 0.0 1.0 0.0 0.0 0.0 1.0 -173.561492272794 0.876720185772 -0.322031572446 -30.444624259227 -68.000000000000
1.0 0.0 0.0 0.0 1.0 0.0 0.0 0.0 1.0 -172.871905133305 1.557796600315 -0.615270054864 -30.442632847337 -68.000000000000
1.0 0.0 0.0 0.0 1.0 0.0 0.0 0.0 1.0 -173.380203930454 0.685787764221 -0.663843397213 -38.543226937390 -67.000000000000
1.0 0.0 0.0 0.0 1.0 0.0 0.0 0.0 1.0 -173.229281073530 0.652082926641 -0.571846034425 -36.468165212464 -66.000000000000
1.0 0.0 0.0 0.0 1.0 0.0 0.0 0.0 1.0 -172.445068483881 0.220106098253 -0.417222983444 -35.821119502732 -66.000000000000
1.0 0.0 0.0 0.0 1.0 0.0 0.0 0.0 1.0 -170.397353841444 0.473630565419 -0.400407812102 -33.801244739831 -65.000000000000
1.0 0.0 0.0 0.0 1.0 0.0 0.0 0.0 1.0 -172.890420928875 0.480305966294 -0.569099912775 -33.607797179372 -65.000000000000
1.0 0.0 0.0 0.0 1.0 0.0 0.0 0.0 1.0 -172.315394801113 0.179333651722 -0.400469841241 -33.131092827782 -64.000000000000
1.0 0.0 0.0 0.0 1.0 0.0 0.0 0.0 1.0 -172.571239441152 0.416789175824 -0.403930774601 -34.716685335991 -65.000000000000
1.0 0.0 0.0 0.0 1.0 0.0 0.0 0.0 1.0 -172.451136516538 0.444419890992 0.154305295154 -33.707140807371 -63.000000000000
1.0 0.0 0.0 0.0 1.0 0.0 0.0 0.0 1.0 -172.344645250637 0.470297224372 -0.265036443547 -34.994106429594 -64.000000000000
1.0 0.0 0.0 0.0 1.0 0.0 0.0 0.0 1.0 -169.639458151543 0.499557962758 -0.252665833190 -35.314427134425 -64.000000000000
1.0 0.0 0.0 0.0 1.0 0.0 0.0 0.0 1.0 -172.314384891514 0.698080732818 -1.292025313737 -35.731070444792 -64.000000000000
1.0 0.0 0.0 0.0 1.0 0.0 0.0 0.0 1.0 -172.105001383237 0.542143879830 -0.695511159841 -32.442262118562 -72.263095152575
1.0 0.0 0.0 0.0 1.0 0.0 0.0 0.0 1.0 -171.968818650320 0.598688041492 -0.228698417987 -35.213447416308 -64.000000000000
1.0 0.0 0.0 0.0 1.0 0.0 0.0 0.0 1.0 -170.381852092541 -0.063355842882 -0.410494445709 -30.399542753378 -69.000000000000
1.0 0.0 0.0 0.0 1.0 0.0 0.0 0.0 1.0 -171.546695653049 0.690171029079 -0.044715307665 -28.936786721056 -68.607103493396
1.0 0.0 0.0 0.0 1.0 0.0 0.0 0.0 1.0 -168.898067945058 0.724576478287 -0.588976565170 -31.731073812530 -71.307570474988
1.0 0.0 0.0 0.0 1.0 0.0 0.0 0.0 1.0 -171.080804818299 1.216780344266 -0.379053412362 -38.105232219089 -66.000000000000
1.0 0.0 0.0 0.0 1.0 0.0 0.0 0.0 1.0 -171.273316943609 0.714013861765 -0.642619832198 -29.985181311312 -68.000000000000
1.0 0.0 0.0 0.0 1.0 0.0 0.0 0.0 1.0 -171.233671968067 0.688375158181 -0.570558415926 -33.295160972765 -71.997087126045
1.0 0.0 0.0 0.0 1.0 0.0 0.0 0.0 1.0 -171.215721072829 1.957692806376 -0.553898065852 -35.034176091050 -73.931784109035
1.0 0.0 0.0 0.0 1.0 0.0 0.0 0.0 1.0 -171.238786229190 0.662181831743 -0.993675514102 -35.224328720941 -74.000000000000
1.0 0.0 0.0 0.0 1.0 0.0 0.0 0.0 1.0 -169.502730853408 0.669477432696 -0.408405322544 -38.410196659819 -78.000000000000
1.0 0.0 0.0 0.0 1.0 0.0 0.0 0.0 1.0 -169.223391949951 0.265976580545 0.521143795622 -38.392809112195 -68.000000000000
1.0 0.0 0.0 0.0 1.0 0.0 0.0 0.0 1.0 -171.177450541878 0.563654272389 -0.288536022899 -27.787031183630 -70.339732981094
1.0 0.0 0.0 0.0 1.0 0.0 0.0 0.0 1.0 -171.183636145296 0.545223727939 -0.559712325012 -32.514417658927 -75.954232936429
1.0 0.0 0.0 0.0 1.0 0.0 0.0 0.0 1.0 -170.310803479897 1.209090390095 0.080817666437 -28.879253157291 -73.724769325319
1.0 0.0 0.0 0.0 1.0 0.0 0.0 0.0 1.0 -171.104754805842 0.479710924018 -0.024599678629 -28.840840565821 -75.016604950142
1.0 0.0 0.0 0.0 1.0 0.0 0.0 0.0 1.0 -171.091568755052 0.461091369916 0.181223598509 -30.334028311930 -64.000000000000
1.0 0.0 0.0 0.0 1.0 0.0 0.0 0.0 1.0 -168.703628664811 0.683768476121 -0.757005634226 -30.913001017914 -65.000000000000
1.0 0.0 0.0 0.0 1.0 0.0 0.0 0.0 1.0 -171.135293801447 0.474595470077 -0.377161153554 -27.678847293849 -75.481402258931
1.0 0.0 0.0 0.0 1.0 0.0 0.0 0.0 1.0 -171.190715802485 0.513847217403 -0.202781043326 -26.430818124387 -74.742824265397
1.0 0.0 0.0 0.0 1.0 0.0 0.0 0.0 1.0 -171.125766732364 0.411994955437 -1.919861668930 -25.148465549045 -70.000000000000
1.0 0.0 0.0 0.0 1.0 0.0 0.0 0.0 1.0 -171.307932534568 0.512170485387 -0.242219250850 -33.671646835026 -69.000000000000
1.0 0.0 0.0 0.0 1.0 0.0 0.0 0.0 1.0 -171.339844372960 0.600339816371 -0.643097641131 -34.128187605656 -69.000000000000
1.0 0.0 0.0 0.0 1.0 0.0 0.0 0.0 1.0 -168.217564467699 0.735206364583 0.840061137768 -34.184932494766 -78.000000000000
1.0 0.0 0.0 0.0 1.0 0.0 0.0 0.0 1.0 -171.340798868415 0.653193382537 0.217806868643 -34.488765488009 -67.000000000000
1.0 0.0 0.0 0.0 1.0 0.0 0.0 0.0 1.0 -171.351028911484 0.674635392922 0.687999481091 -29.810887873022 -72.000000000000
1.0 0.0 0.0 0.0 1.0 0.0 0.0 0.0 1.0 -171.322112876320 0.671070648958 1.011575821321 -32.654766948722 -65.000000000000
1.0 0.0 0.0 0.0 1.0 0.0 0.0 0.0 1.0 -171.352269564219 0.656937578740 0.387844243439 -33.249439019531 -65.000000000000
1.0 0.0 0.0 0.0 1.0 0.0 0.0 0.0 1.0 -171.467893486715 0.610311223217 0.480653010267 -35.483547751865 -66.000000000000
1.0 0.0 0.0 0.0 1.0 0.0 0.0 0.0 1.0 -168.614383641567 1.001504472000 -2.567016046851 -31.161342301573 -70.000000000000
1.0 0.0 0.0 0.0 1.0 0.0 0.0 0.0 1.0 -171.555745952523 0.654017981854 -0.069873720525 -32.068482568181 -71.000000000000
1.0 0.0 0.0 0.0 1.0 0.0 0.0 0.0 1.0 -171.602995725895 0.656220740418 -0.594298862860 -27.778999166067 -69.070218515391
1.0 0.0 0.0 0.0 1.0 0.0 0.0 0.0 1.0 -170.782425772102 0.703990100621 -0.196633760270 -34.875194794875 -75.000000000000
1.0 0.0 0.0 0.0 1.0 0.0 0.0 0.0 1.0 -171.683621484202 0.643546994415 -0.424822213730 -34.641739275245 -76.525657231078
1.0 0.0 0.0 0.0 1.0 0.0 0.0 0.0 1.0 -171.791050385957 0.694421170075 -0.193081065921 -34.398749716913 -76.622853054411
1.0 0.0 0.0 0.0 1.0 0.0 0.0 0.0 1.0 -168.833050389330 1.037703882390 0.613097451509 -37.557814263229 -79.498086415921
1.0 0.0 0.0 0.0 1.0 0.0 0.0 0.0 1.0 -171.533301014543 0.722895967434 0.029335709644 -37.455947055030 -77.000000000000
1.0 0.0 0.0 0.0 1.0 0.0 0.0 0.0 1.0 -171.873404377156 0.773086987869 0.768895215105 -34.900700954298 -73.759719618281
1.0 0.0 0.0 0.0 1.0 0.0 0.0 0.0 1.0 -171.312751675711 0.152993495009 0.442411041067 -42.632269005951 -78.783456033983
1.0 0.0 0.0 0.0 1.0 0.0 0.0 0.0 1.0 -172.022163149608 0.743364852079 0.798740824674 -38.538482506297 -75.160364573239
1.0 0.0 0.0 0.0 1.0 0.0 0.0 0.0 1.0 -171.900848819310 0.768907186064 0.131500020372 -37.522547074836 -75.566738745823
1.0 0.0 0.0 0.0 1.0 0.0 0.0 0.0 1.0 -169.701408257895 0.724336500759 0.772853375377 -31.110775683314 -69.000000000000
1.0 0.0 0.0 0.0 1.0 0.0 0.0 0.0 1.0 -171.904490149380 0.742151675514 1.054384352537 -30.674166299642 -69.542833480143
1.0 0.0 0.0 0.0 1.0 0.0 0.0 0.0 1.0 -172.349908749137 0.732454125567 0.865932721996 -36.959375598094 -76.875073290174
1.0 0.0 0.0 0.0 1.0 0.0 0.0 0.0 1.0 -173.182980850800 1.847584034287 -2.405574290499 -35.230323123494 -74.000000000000
1.0 0.0 0.0 0.0 1.0 0.0 0.0 0.0 1.0 -172.772035127271 0.719160763805 -0.082104062177 -34.259359019479 -75.556862452814
1.0 0.0 0.0 0.0 1.0 0.0 0.0 0.0 1.0 -172.932727926627 0.723903275068 0.068398525122 -32.884527945518 -72.000000000000
1.0 0.0 0.0 0.0 1.0 0.0 0.0 0.0 1.0 -172.183200561439 1.519780266268 -0.057944058940 -33.839314746814 -73.000000000000
1.0 0.0 0.0 0.0 1.0 0.0 0.0 0.0 1.0 -170.751051604481 0.730244938924 0.622266917431 -33.146298967530 -72.000000000000
1.0 0.0 0.0 0.0 1.0 0.0 0.0 0.0 1.0 -173.199033169298 0.687462259359 0.428062733260 -32.565446591777 -71.000000000000
1.0 0.0 0.0 0.0 1.0 0.0 0.0 0.0 1.0 -173.387934920267 0.929872650950 0.853165592586 -32.898847057237 -72.000000000000
1.0 0.0 0.0 0.0 1.0 0.0 0.0 0.0 1.0 -173.452098154336 0.621011446071 0.572692255234 -30.483375890627 -70.000000000000
1.0 0.0 0.0 0.0 1.0 0.0 0.0 0.0 1.0 -173.590858262548 0.644746922526 0.577547638232 -37.990769749288 -77.000000000000
1.0 0.0 0.0 0.0 1.0 0.0 0.0 0.0 1.0 -173.476167622280 0.637512600027 0.508274624827 -35.938288835815 -72.000000000000
1.0 0.0 0.0 0.0 1.0 0.0 0.0 0.0 1.0 -172.175309935450 0.302086176949 -0.637542538037 -36.785754145208 -73.000000000000
1.0 0.0 0.0 0.0 1.0 0.0 0.0 0.0 1.0 -174.126613589632 0.540417141569 0.527543867636 -39.834556860209 -77.272237861977
1.0 0.0 0.0 0.0 1.0 0.0 0.0 0.0 1.0 -174.231795942342 0.550632665517 0.253073416123 -33.137783582964 -70.000000000000
1.0 0.0 0.0 0.0 1.0 0.0 0.0 0.0 1.0 -174.264865411669 -0.103396816038 1.327768721072 -31.404816360073 -69.000000000000
1.0 0.0 0.0 0.0 1.0 0.0 0.0 0.0 1.0 -174.430244983353 0.510485443444 0.477377383740 -37.027740299639 -75.764661455902
1.0 0.0 0.0 0.0 1.0 0.0 0.0 0.0 1.0 -174.559445333368 0.563506694790 0.720990301662 -32.684181192128 -70.000000000000
1.0 0.0 0.0 0.0 1.0 0.0 0.0 0.0 1.0 -171.295958332928 0.704750322966 0.002886599584 -34.222012482644 -70.000000000000
1.0 0.0 0.0 0.0 1.0 0.0 0.0 0.0 1.0 -174.765973751460 0.644900723184 0.268271388433 -36.747207039018 -71.854058360864
1.0 0.0 0.0 0.0 1.0 0.0 0.0 0.0 1.0 -174.881784542873 0.694425640957 0.141902757392 -42.207865070752 -77.638066092911
1.0 0.0 0.0 0.0 1.0 0.0 0.0 0.0 1.0 -174.865990538462 0.637637139008 0.131358921879 -35.613016804387 -71.000000000000
1.0 0.0 0.0 0.0 1.0 0.0 0.0 0.0 1.0 -174.798159649273 0.493821484870 0.354650599963 -32.607429466616 -68.769528213353
1.0 0.0 0.0 0.0 1.0 0.0 0.0 0.0 1.0 -175.248998127430 0.622868592877 0.086332554915 -39.774818917993 -76.000000000000
1.0 0.0 0.0 0.0 1.0 0.0 0.0 0.0 1.0 -172.711412343540 0.552145629640 0.281416883221 -33.716225908079 -70.000000000000
1.0 0.0 0.0 0.0 1.0 0.0 0.0 0.0 1.0 -175.460830082231 0.528225457049 0.243499114257 -31.752385608960 -69.000000000000
1.0 0.0 0.0 0.0 1.0 0.0 0.0 0.0 1.0 -174.618784474255 -0.462196515771 1.269755826650 -39.625685509316 -77.000000000000
1.0 0.0 0.0 0.0 1.0 0.0 0.0 0.0 1.0 -175.586906683786 0.384615434197 0.366196145031 -33.427411534450 -68.441535386220
1.0 0.0 0.0 0.0 1.0 0.0 0.0 0.0 1.0 -175.726431170688 0.379619077766 0.347445024400 -35.661115749497 -69.735553700201
1.0 0.0 0.0 0.0 1.0 0.0 0.0 0.0 1.0 -175.955539534129 0.040237216461 0.298171599070 -35.726903973485 -69.709238410606
1.0 0.0 0.0 0.0 1.0 0.0 0.0 0.0 1.0 -173.401097492456 0.325426799340 0.018509024282 -38.787534021007 -73.745592452203
1.0 0.0 0.0 0.0 1.0 0.0 0.0 0.0 1.0 -176.119804919123 0.436925991037 0.029370030251 -42.100607072504 -76.653507170998
1.0 0.0 0.0 0.0 1.0 0.0 0.0 0.0 1.0 -176.210805641176 0.483165168739 0.018746943103 -34.723555682712 -70.000000000000
1.0 0.0 0.0 0.0 1.0 0.0 0.0 0.0 1.0 -176.148682512826 -0.614477902609 0.949770706640 -37.898814212559 -73.946356667917
1.0 0.0 0.0 0.0 1.0 0.0 0.0 0.0 1.0 -176.369079319511 0.360681791794 -0.049409540105 -40.348509998301 -75.998096000680
1.0 0.0 0.0 0.0 1.0 0.0 0.0 0.0 1.0 -176.452917385538 0.366719901888 -0.117378693234 -38.396527514063 -74.000000000000
1.0 0.0 0.0 0.0 1.0 0.0 0.0 0.0 1.0 -175.647386854214 0.368075603214 -0.182313726894 -38.893326045583 -74.825022522943
1.0 0.0 0.0 0.0 1.0 0.0 0.0 0.0 1.0 -173.953948411812 -0.324611094224 0.591632165468 -39.895448430455 -74.823070627818
1.0 0.0 0.0 0.0 1.0 0.0 0.0 0.0 1.0 -176.578475454549 0.304797163777 0.060801836405 -38.227527750491 -74.000000000000
1.0 0.0 0.0 0.0 1.0 0.0 0.0 0.0 1.0 -176.661650747501 0.299401475702 0.273212923442 -40.699904661577 -78.241250256581
1.0 0.0 0.0 0.0 1.0 0.0 0.0 0.0 1.0 -176.684990015148 0.281143584056 0.766376547730 -39.626441200354 -77.355484125919
1.0 0.0 0.0 0.0 1.0 0.0 0.0 0.0 1.0 -176.848507096970 -0.409479306266 1.844147323557 -38.725508911096 -76.000000000000
1.0 0.0 0.0 0.0 1.0 0.0 0.0 0.0 1.0 -176.764725876658 0.132628948491 1.239257841407 -35.185723469059 -72.000000000000
1.0 0.0 0.0 0.0 1.0 0.0 0.0 0.0 1.0 -174.192820037471 0.128642704995 0.888944700007 -32.738142243536 -69.000000000000
1.0 0.0 0.0 0.0 1.0 0.0 0.0 0.0 1.0 -176.962449704653 0.685595974818 -0.371266018574 -39.115614310793 -75.206385854630
1.0 0.0 0.0 0.0 1.0 0.0 0.0 0.0 1.0 -177.020122492066 0.229263588536 0.636876278283 -39.944815914801 -76.000000000000
1.0 0.0 0.0 0.0 1.0 0.0 0.0 0.0 1.0 -177.094390654922 0.261177963572 0.699706983643 -35.663299427059 -71.000000000000
1.0 0.0 0.0 0.0 1.0 0.0 0.0 0.0 1.0 -176.833853915347 0.858212087922 0.372158723716 -33.373433825877 -67.489336147069
1.0 0.0 0.0 0.0 1.0 0.0 0.0 0.0 1.0 -177.144292850600 0.334670006616 0.810772600274 -42.867989700204 -67.000000000000
1.0 0.0 0.0 0.0 1.0 0.0 0.0 0.0 1.0 -174.537531388152 0.365357822955 0.956403703494 -42.857326994222 -76.350819202311
1.0 0.0 0.0 0.0 1.0 0.0 0.0 0.0 1.0 -177.276071966915 0.385418433917 0.783165192315 -36.743052222624 -70.659029110950
1.0 0.0 0.0 0.0 1.0 0.0 0.0 0.0 1.0 -177.334969930740 0.386870872206 0.763216314410 -42.888021347346 -77.694791461061
1.0 0.0 0.0 0.0 1.0 0.0 0.0 0.0 1.0 -177.572381388071 -0.421761747572 -0.434244471131 -36.471164609478 -72.000000000000
1.0 0.0 0.0 0.0 1.0 0.0 0.0 0.0 1.0 -177.497780495327 0.208137575977 0.865371980125 -34.122304135354 -70.351078345859
1.0 0.0 0.0 0.0 1.0 0.0 0.0 0.0 1.0 -177.563946852256 0.165766509431 0.700213093881 -33.700215784490 -70.000000000000
1.0 0.0 0.0 0.0 1.0 0.0 0.0 0.0 1.0 -174.948587750381 0.146085471406 0.846772430766 -31.806302230721 -69.000000000000
1.0 0.0 0.0 0.0 1.0 0.0 0.0 0.0 1.0 -177.783588458864 0.078033638293 0.573824994809 -36.769689511410 -75.867881771193
1.0 0.0 0.0 0.0 1.0 0.0 0.0 0.0 1.0 -177.728300073881 0.122644962249 0.928157655001 -29.070972151677 -68.000000000000
1.0 0.0 0.0 0.0 1.0 0.0 0.0 0.0 1.0 -177.812104781735 0.173561570568 1.012432463575 -38.781997706352 -68.000000000000
1.0 0.0 0.0 0.0 1.0 0.0 0.0 0.0 1.0 -178.149614822471 -0.152076999310 0.083422876623 -32.748134948099 -73.531049051063
1.0 0.0 0.0 0.0 1.0 0.0 0.0 0.0 1.0 -177.978847222299 0.146491551717 0.465270221545 -36.163935634460 -76.000000000000
1.0 0.0 0.0 0.0 1.0 0.0 0.0 0.0 1.0 -176.284483773406 0.170661404187 0.970093975142 -31.684968455663 -72.566012617735
1.0 0.0 0.0 0.0 1.0 0.0 0.0 0.0 1.0 -177.128675560117 -0.682168293803 0.327438080002 -36.780815322690 -77.000000000000
1.0 0.0 0.0 0.0 1.0 0.0 0.0 0.0 1.0 -178.155820983736 0.157149578100 1.203582366674 -36.858902389367 -67.000000000000
1.0 0.0 0.0 0.0 1.0 0.0 0.0 0.0 1.0 -178.176511998686 0.183575569275 1.326845717563 -26.330881819991 -67.000000000000
1.0 0.0 0.0 0.0 1.0 0.0 0.0 0.0 1.0 -178.135908211667 0.387255276000 0.885935229093 -26.939405578546 -68.411737768582
1.0 0.0 0.0 0.0 1.0 0.0 0.0 0.0 1.0 -178.291859059467 0.156966835734 0.988555320846 -29.520086963262 -68.691965214695
1.0 0.0 0.0 0.0 1.0 0.0 0.0 0.0 1.0 -176.632993567182 0.124340015403 0.908255505165 -35.388805407489 -72.000000000000
1.0 0.0 0.0 0.0 1.0 0.0 0.0 0.0 1.0 -177.638547424107 0.130335277214 0.716552764676 -33.647284777785 -70.541086088886
1.0 0.0 0.0 0.0 1.0 0.0 0.0 0.0 1.0 -178.446502484505 0.508563001406 0.477999233264 -36.305467258231 -73.000000000000
1.0 0.0 0.0 0.0 1.0 0.0 0.0 0.0 1.0 -178.720283586813 0.168462439439 0.770283561407 -35.393358496630 -73.000000000000
1.0 0.0 0.0 0.0 1.0 0.0 0.0 0.0 1.0 -178.858659839466 0.181152012963 0.816432429648 -31.229360713587 -69.320755714565
1.0 0.0 0.0 0.0 1.0 0.0 0.0 0.0 1.0 -178.769096968116 0.349551572142 1.510903336056 -35.950230453206 -70.976157818718
1.0 0.0 0.0 0.0 1.0 0.0 0.0 0.0 1.0 -179.068547502758 0.222750058460 1.157182356581 -35.358533737805 -69.856586504878
1.0 0.0 0.0 0.0 1.0 0.0 0.0 0.0 1.0 -176.481084886859 0.246944956744 1.005767661709 -34.027991758089 -68.582351683861
1.0 0.0 0.0 0.0 1.0 0.0 0.0 0.0 1.0 -178.990471176000 0.078222709288 1.087689469705 -40.325498664484 -74.651050534206
1.0 0.0 0.0 0.0 1.0 0.0 0.0 0.0 1.0 -178.770011848352 -0.180645427677 0.400995617551 -39.965030363174 -74.589745430488
1.0 0.0 0.0 0.0 1.0 0.0 0.0 0.0 1.0 -179.478247815786 0.214694714867 1.120303704620 -42.722513393438 -77.432206763837
1.0 0.0 0.0 0.0 1.0 0.0 0.0 0.0 1.0 -179.572578158943 0.471069945390 0.584732482822 -36.825437951227 -71.822765995980
1.0 0.0 0.0 0.0 1.0 0.0 0.0 0.0 1.0 -179.647091356954 0.708077953328 0.431517834338 -38.289306444664 -74.549142286999
1.0 0.0 0.0 0.0 1.0 0.0 0.0 0.0 1.0 -177.134266109983 0.208289089700 0.634406653036 -33.166595874467 -70.000000000000
1.0 0.0 0.0 0.0 1.0 0.0 0.0 0.0 1.0 -179.942436360963 0.460211029397 1.107997843221 -32.872093867212 -70.000000000000
1.0 0.0 0.0 0.0 1.0 0.0 0.0 0.0 1.0 -180.071262234007 0.737239040387 1.113310885142 -35.805506837086 -73.623251810620
1.0 0.0 0.0 0.0 1.0 0.0 0.0 0.0 1.0 -180.206244186562 0.198882911719 1.160514779020 -34.028239096164 -71.703855876686
1.0 0.0 0.0 0.0 1.0 0.0 0.0 0.0 1.0 -180.603057249997 0.105933633295 1.191075685420 -30.840934414671 -68.000000000000
1.0 0.0 0.0 0.0 1.0 0.0 0.0 0.0 1.0 -181.029066247227 -0.051634738353 1.298828233756 -39.280129144667 -76.178857433042
1.0 0.0 0.0 0.0 1.0 0.0 0.0 0.0 1.0 -177.889479429011 0.105825635957 1.253723902912 -33.232112940030 -68.900703211085
1.0 0.0 0.0 0.0 1.0 0.0 0.0 0.0 1.0 -181.792259084902 -0.380829668155 0.640622916942 -34.963352491447 -70.000000000000
1.0 0.0 0.0 0.0 1.0 0.0 0.0 0.0 1.0 -180.985434768096 -0.021154259605 1.044395347345 -41.687521780365 -76.818741287854
1.0 0.0 0.0 0.0 1.0 0.0 0.0 0.0 1.0 -181.137976353885 -0.042223398646 1.126953077781 -41.361018054311 -76.949342778275
1.0 0.0 0.0 0.0 1.0 0.0 0.0 0.0 1.0 -180.904949582529 -0.066499883286 1.656905987571 -32.926327365868 -69.000000000000
1.0 0.0 0.0 0.0 1.0 0.0 0.0 0.0 1.0 -181.295194952175 -0.027666890225 1.467513552203 -41.152659807897 -68.000000000000
1.0 0.0 0.0 0.0 1.0 0.0 0.0 0.0 1.0 -178.985277578969 -0.015833024510 1.690860126447 -30.592252135167 -68.000000000000
1.0 0.0 0.0 0.0 1.0 0.0 0.0 0.0 1.0 -180.707805302404 0.388343925999 1.856787010980 -39.523760676111 -77.000000000000
1.0 0.0 0.0 0.0 1.0 0.0 0.0 0.0 1.0 -181.613627272471 0.007222623088 1.646368043948 -31.838694794792 -69.000000000000
1.0 0.0 0.0 0.0 1.0 0.0 0.0 0.0 1.0 -181.574140023468 0.060388701369 1.528787576110 -39.102322795465 -66.000000000000
1.0 0.0 0.0 0.0 1.0 0.0 0.0 0.0 1.0 -181.554044459224 0.171875363683 1.631444496344 -29.784003620349 -67.000000000000
1.0 0.0 0.0 0.0 1.0 0.0 0.0 0.0 1.0 -182.152334310460 1.428728323738 1.492665231830 -38.752121330307 -76.938040356766
1.0 0.0 0.0 0.0 1.0 0.0 0.0 0.0 1.0 -179.393421278365 0.322962953745 1.103117138285 -40.204441657137 -78.439435458357
1.0 0.0 0.0 0.0 1.0 0.0 0.0 0.0 1.0 -181.558866695380 0.387778663619 0.971355444478 -36.308417081378 -73.306044932155
1.0 0.0 0.0 0.0 1.0 0.0 0.0 0.0 1.0 -181.898430979239 0.412438401617 1.173689723748 -34.111774467156 -71.000000000000
1.0 0.0 0.0 0.0 1.0 0.0 0.0 0.0 1.0 -180.824492294275 -0.105192563917 2.270055982681 -36.705536133593 -74.578391607169
1.0 0.0 0.0 0.0 1.0 0.0 0.0 0.0 1.0 -181.843113734706 0.335274852598 1.396316974722 -35.087163333679 -72.518075842999
1.0 0.0 0.0 0.0 1.0 0.0 0.0 0.0 1.0 -181.841835505725 0.320758454783 1.647379695405 -30.421562872883 -68.331374850847
1.0 0.0 0.0 0.0 1.0 0.0 0.0 0.0 1.0 -182.108460447830 0.747856017617 1.897186660320 -33.198964015025 -72.035565909142
1.0 0.0 0.0 0.0 1.0 0.0 0.0 0.0 1.0 -179.448279048567 0.139940620635 1.565426792497 -29.998549188864 -68.500580324454
1.0 0.0 0.0 0.0 1.0 0.0 0.0 0.0 1.0 -181.911168380778 0.066946246221 1.211288953665 -38.013626756273 -76.685458388400
1.0 0.0 0.0 0.0 1.0 0.0 0.0 0.0 1.0 -182.422398970213 0.327015689149 1.157160600939 -29.226419807537 -68.809432076985
1.0 0.0 0.0 0.0 1.0 0.0 0.0 0.0 1.0 -181.957493021309 0.004400243050 0.676666973766 -35.595258407233 -75.000000000000
1.0 0.0 0.0 0.0 1.0 0.0 0.0 0.0 1.0 -182.007084616710 0.023622516365 0.524436189027 -36.074428563916 -76.000000000000
1.0 0.0 0.0 0.0 1.0 0.0 0.0 0.0 1.0 -182.134821916586 0.363716553783 2.025912789741 -36.567119154423 -78.308446455878
1.0 0.0 0.0 0.0 1.0 0.0 0.0 0.0 1.0 -179.292965172736 0.108169515924 0.499923276386 -28.645746417373 -69.041701433051
1.0 0.0 0.0 0.0 1.0 0.0 0.0 0.0 1.0 -182.008639690025 0.132543053600 0.460122075546 -38.099178453573 -75.000000000000
1.0 0.0 0.0 0.0 1.0 0.0 0.0 0.0 1.0 -182.112236873341 -0.093958919961 3.473822043788 -37.067732601950 -69.172906959220
1.0 0.0 0.0 0.0 1.0 0.0 0.0 0.0 1.0 -181.980022126517 0.080377108411 0.757521383991 -42.228591965769 -75.246063213693
1.0 0.0 0.0 0.0 1.0 0.0 0.0 0.0 1.0 -181.992146005283 0.126286392536 0.838826917196 -42.959573951673 -76.309920419331
1.0 0.0 0.0 0.0 1.0 0.0 0.0 0.0 1.0 -182.004964165961 0.132549599982 0.436898276731 -44.052363548184 -77.229054580727
1.0 0.0 0.0 0.0 1.0 0.0 0.0 0.0 1.0 -178.944665344274 -0.382890388014 1.951197715485 -39.416372485018 -72.801872058625
1.0 0.0 0.0 0.0 1.0 0.0 0.0 0.0 1.0 -181.959058036045 0.136025316901 0.556192409051 -41.436637716060 -75.084168442988
1.0 0.0 0.0 0.0 1.0 0.0 0.0 0.0 1.0 -181.929249302721 0.160311913114 0.769273876997 -41.682288806592 -76.533145083424
1.0 0.0 0.0 0.0 1.0 0.0 0.0 0.0 1.0 -181.846297876336 0.206761575196 2.041939583054 -39.386805226410 -75.478611242769
1.0 0.0 0.0 0.0 1.0 0.0 0.0 0.0 1.0 -181.925941287219 0.071800282571 0.436205171098 -41.571496768433 -76.865151292627
1.0 0.0 0.0 0.0 1.0 0.0 0.0 0.0 1.0 -181.940943916031 0.032460108904 1.195649369681 -41.114596075987 -77.000000000000
1.0 0.0 0.0 0.0 1.0 0.0 0.0 0.0 1.0 -179.289913500823 -0.049745394606 0.449826223234 -40.466220642155 -77.000000000000
1.0 0.0 0.0 0.0 1.0 0.0 0.0 0.0 1.0 -181.895599448058 -0.033048406508 1.223355751585 -38.209654268129 -75.000000000000
1.0 0.0 0.0 0.0 1.0 0.0 0.0 0.0 1.0 -181.851386562236 -0.039845597801 0.248666946343 -37.195503686728 -74.000000000000
1.0 0.0 0.0 0.0 1.0 0.0 0.0 0.0 1.0 -181.862732851960 -0.038029110120 0.788803998179 -40.024693604848 -76.925416675708
1.0 0.0 0.0 0.0 1.0 0.0 0.0 0.0 1.0 -181.227345674271 0.609998146818 0.825108974423 -41.184719666898 -77.000000000000
1.0 0.0 0.0 0.0 1.0 0.0 0.0 0.0 1.0 -181.856866569190 -0.006311190178 0.117786051448 -33.241882622335 -68.157792405612
1.0 0.0 0.0 0.0 1.0 0.0 0.0 0.0 1.0 -180.951781092866 -0.017901776499 0.912869674960 -40.566227067213 -74.554759173115
1.0 0.0 0.0 0.0 1.0 0.0 0.0 0.0 1.0 -179.999356979988 -0.049294843912 -0.039695818056 -36.433671193275 -70.703002110925
1.0 0.0 0.0 0.0 1.0 0.0 0.0 0.0 1.0 -182.183567790364 0.464244384243 2.255069708834 -40.557330490597 -75.667976894670
1.0 0.0 0.0 0.0 1.0 0.0 0.0 0.0 1.0 -181.768352887876 -0.058404087865 0.656386695232 -35.281438032666 -71.000000000000
1.0 0.0 0.0 0.0 1.0 0.0 0.0 0.0 1.0 -181.711168096528 -0.028557586444 1.461502267199 -38.862045182212 -76.000000000000
1.0 0.0 0.0 0.0 1.0 0.0 0.0 0.0 1.0 -182.486720935776 0.335183876363 0.126199563822 -32.488600883476 -71.004559646610
1.0 0.0 0.0 0.0 1.0 0.0 0.0 0.0 1.0 -180.867252348518 -0.038849869984 0.660199178483 -36.970038508040 -75.000000000000
1.0 0.0 0.0 0.0 1.0 0.0 0.0 0.0 1.0 -179.935610209873 -0.058348555594 0.280431130520 -36.920585561387 -75.000000000000
1.0 0.0 0.0 0.0 1.0 0.0 0.0 0.0 1.0 -180.957322441552 0.532235476362 0.294206164002 -34.602118340150 -73.000000000000
1.0 0.0 0.0 0.0 1.0 0.0 0.0 0.0 1.0 -181.504753628332 -0.035195992634 1.048781234789 -31.174472907571 -70.000000000000
1.0 0.0 0.0 0.0 1.0 0.0 0.0 0.0 1.0 -181.440604277494 -0.070752305711 0.822064143195 -29.600596872403 -69.000000000000
1.0 0.0 0.0 0.0 1.0 0.0 0.0 0.0 1.0 -180.672293950101 -0.446182196540 2.314730241502 -26.340032297237 -68.651487081105
1.0 0.0 0.0 0.0 1.0 0.0 0.0 0.0 1.0 -181.154658112284 -0.151889851649 1.180410980376 -33.758867613496 -75.000000000000
1.0 0.0 0.0 0.0 1.0 0.0 0.0 0.0 1.0 -178.271219493157 -0.125685445141 1.592193115294 -29.416833176605 -72.233266729358
1.0 0.0 0.0 0.0 1.0 0.0 0.0 0.0 1.0 -180.855150086200 -0.094233459650 0.836164669575 -30.796734554960 -72.996457693167
1.0 0.0 0.0 0.0 1.0 0.0 0.0 0.0 1.0 -181.004118607348 0.013261787185 -0.101154357404 -35.522822693655 -76.000000000000
1.0 0.0 0.0 0.0 1.0 0.0 0.0 0.0 1.0 -180.840004701668 -0.026318968266 0.446791798375 -32.515990693885 -74.823015487152
1.0 0.0 0.0 0.0 1.0 0.0 0.0 0.0 1.0 -180.816058919896 -0.028017334126 0.452057580999 -33.265321468936 -75.954477473032
1.0 0.0 0.0 0.0 1.0 0.0 0.0 0.0 1.0 -181.196913343254 -0.117005939980 2.074966134536 -37.389994463738 -78.000000000000
1.0 0.0 0.0 0.0 1.0 0.0 0.0 0.0 1.0 -177.912058803736 -0.152621167625 1.136605080807 -34.801824268608 -72.632211469028
1.0 0.0 0.0 0.0 1.0 0.0 0.0 0.0 1.0 -180.513995323071 -0.177742431629 1.705516317586 -37.671831452339 -72.876721964519
1.0 0.0 0.0 0.0 1.0 0.0 0.0 0.0 1.0 -180.556006442033 -1.417019612313 2.102218903411 -41.182665038614 -77.000000000000
1.0 0.0 0.0 0.0 1.0 0.0 0.0 0.0 1.0 -180.421892316546 -0.370652089286 1.934290889161 -33.948768100201 -70.420492759919
1.0 0.0 0.0 0.0 1.0 0.0 0.0 0.0 1.0 -180.397317357177 -0.368678086845 1.920479579484 -35.674045020735 -72.000000000000
1.0 0.0 0.0 0.0 1.0 0.0 0.0 0.0 1.0 -180.255489282045 0.652773553597 0.005843078411 -36.463471324472 -73.000000000000
1.0 0.0 0.0 0.0 1.0 0.0 0.0 0.0 1.0 -177.641632574462 -0.291316306531 1.831539308823 -31.873208224620 -69.000000000000
1.0 0.0 0.0 0.0 1.0 0.0 0.0 0.0 1.0 -180.297700984928 -0.336176091570 1.957322909409 -38.512766392658 -76.000000000000
1.0 0.0 0.0 0.0 1.0 0.0 0.0 0.0 1.0 -180.207616561779 -0.461481638203 1.764929048266 -29.179675225703 -67.000000000000
1.0 0.0 0.0 0.0 1.0 0.0 0.0 0.0 1.0 -180.691581021044 0.143933543923 0.986525854488 -37.636277935063 -75.000000000000
1.0 0.0 0.0 0.0 1.0 0.0 0.0 0.0 1.0 -180.106161960475 -0.913538067248 1.538912764234 -39.286475326043 -66.000000000000
1.0 0.0 0.0 0.0 1.0 0.0 0.0 0.0 1.0 -180.086074675849 -1.135187572988 1.921975966260 -38.510602865060 -74.795758853976
1.0 0.0 0.0 0.0 1.0 0.0 0.0 0.0 1.0 -178.226988311781 -1.267876805484 1.311701597083 -39.787469292337 -74.866262283065
1.0 0.0 0.0 0.0 1.0 0.0 0.0 0.0 1.0 -178.760393260897 -2.502992519758 1.212934710843 -40.248371563248 -65.000000000000
1.0 0.0 0.0 0.0 1.0 0.0 0.0 0.0 1.0 -179.814634153301 -1.418547750178 1.857347178930 -39.503222418567 -64.000000000000
1.0 0.0 0.0 0.0 1.0 0.0 0.0 0.0 1.0 -179.670976919351 -1.332009930170 2.245117872365 -40.931060824117 -74.009928611530
1.0 0.0 0.0 0.0 1.0 0.0 0.0 0.0 1.0 -179.475637864804 -2.584726696486 2.155930834663 -40.384100749686 -63.000000000000
1.0 0.0 0.0 0.0 1.0 0.0 0.0 0.0 1.0 -179.456592460201 -0.992603780982 2.027171237567 -32.390068121907 -64.243972751237
1.0 0.0 0.0 0.0 1.0 0.0 0.0 0.0 1.0 -177.529307473386 -0.702835061516 2.662977410097 -41.407765474372 -73.464671588029
1.0 0.0 0.0 0.0 1.0 0.0 0.0 0.0 1.0 -178.408453967793 -1.747434044809 0.101963822240 -38.907693084113 -71.149422766355
1.0 0.0 0.0 0.0 1.0 0.0 0.0 0.0 1.0 -179.199641564504 -0.321428946196 2.112174680887 -40.980630844961 -64.000000000000
1.0 0.0 0.0 0.0 1.0 0.0 0.0 0.0 1.0 -179.237605636051 -0.139573057466 1.078070132196 -41.763757077781 -74.075747168888
1.0 0.0 0.0 0.0 1.0 0.0 0.0 0.0 1.0 -179.206457515142 0.572082788560 1.450441719311 -40.858433928928 -73.081626428429
1.0 0.0 0.0 0.0 1.0 0.0 0.0 0.0 1.0 -179.195529960382 0.081526872690 1.402777371922 -33.980726129205 -65.891580516060
1.0 0.0 0.0 0.0 1.0 0.0 0.0 0.0 1.0 -179.216255539912 0.072207092169 1.800643983107 -34.854295598425 -66.896991438049
1.0 0.0 0.0 0.0 1.0 0.0 0.0 0.0 1.0 -176.528218150755 0.062407047516 2.271292360124 -41.515538235706 -73.969542281475
1.0 0.0 0.0 0.0 1.0 0.0 0.0 0.0 1.0 -179.333103508141 2.718022385823 2.126538192444 -33.020682122824 -65.700818059961
1.0 0.0 0.0 0.0 1.0 0.0 0.0 0.0 1.0 -179.342468122354 0.221841302228 2.481291960314 -33.272815947918 -66.174744588575
1.0 0.0 0.0 0.0 1.0 0.0 0.0 0.0 1.0 -179.409328275316 0.258935914406 1.480443169157 -33.659270321875 -67.375001548669