1.0 0.0 0.0 0.0 1.0 0.0 0.0 0.0 1.0 -138.404051956746 0.091402126251 -3.144024678277 -26.286955478900 -77.522427110766
1.0 0.0 0.0 0.0 1.0 0.0 0.0 0.0 1.0 -138.420716048631 0.728308225382 -3.058768870831 -26.949236123741 -78.326187903445
1.0 0.0 0.0 0.0 1.0 0.0 0.0 0.0 1.0 -138.799620118946 -0.200900549901 -3.449135418271 -23.630499294325 -70.000000000000
1.0 0.0 0.0 0.0 1.0 0.0 0.0 0.0 1.0 -138.847365859717 -0.133621972701 -2.910748963403 -21.038536979710 -71.766403389934
1.0 0.0 0.0 0.0 1.0 0.0 0.0 0.0 1.0 -137.074720355880 2.403547713315 -2.922022983749 -20.134999213664 -70.855091223625
1.0 0.0 0.0 0.0 1.0 0.0 0.0 0.0 1.0 -138.909038250535 -0.070908943993 -2.797197856276 -20.019589463092 -70.607548830148
1.0 0.0 0.0 0.0 1.0 0.0 0.0 0.0 1.0 -138.901742314955 -0.154995721838 -3.219491471006 -26.175543949255 -77.249782420298
1.0 0.0 0.0 0.0 1.0 0.0 0.0 0.0 1.0 -138.868995535207 -0.234759927518 -3.268846163363 -28.857496341578 -79.897001463369
1.0 0.0 0.0 0.0 1.0 0.0 0.0 0.0 1.0 -138.038303759549 -0.967120120016 -5.399773636395 -31.693698320097 -68.000000000000
1.0 0.0 0.0 0.0 1.0 0.0 0.0 0.0 1.0 -138.598265294331 -0.308602311849 -3.514312819766 -21.969038896658 -72.666929895882
1.0 0.0 0.0 0.0 1.0 0.0 0.0 0.0 1.0 -137.055861250474 -0.329110893051 -3.497592834132 -24.284454658747 -74.286218136501
1.0 0.0 0.0 0.0 1.0 0.0 0.0 0.0 1.0 -137.022424273043 -1.904486009866 -3.623560937686 -29.179664795026 -65.000000000000
1.0 0.0 0.0 0.0 1.0 0.0 0.0 0.0 1.0 -137.993638427361 -0.392442529849 -2.982846897353 -25.388794278569 -74.957302801393
1.0 0.0 0.0 0.0 1.0 0.0 0.0 0.0 1.0 -137.828687734949 -0.375236787810 -3.463799064634 -29.443780725246 -79.632243807462
1.0 0.0 0.0 0.0 1.0 0.0 0.0 0.0 1.0 -138.160013551088 -0.971371430789 -4.501612230476 -29.309327986097 -79.686024903122
1.0 0.0 0.0 0.0 1.0 0.0 0.0 0.0 1.0 -137.541618153611 -0.379583557723 -3.697622464824 -26.711774764990 -77.448623427337
1.0 0.0 0.0 0.0 1.0 0.0 0.0 0.0 1.0 -137.374565565551 -0.400839445297 -3.064256019301 -28.143068617708 -78.942772552917
1.0 0.0 0.0 0.0 1.0 0.0 0.0 0.0 1.0 -135.219347217986 -0.538329805599 -4.872729239668 -26.260777511087 -76.595688995565
1.0 0.0 0.0 0.0 1.0 0.0 0.0 0.0 1.0 -136.858619419440 -0.494332373693 -2.887212007740 -20.835777785467 -70.885201080935
1.0 0.0 0.0 0.0 1.0 0.0 0.0 0.0 1.0 -136.593712182973 -0.562225466172 -2.962408383306 -26.994390162567 -77.335577268306
1.0 0.0 0.0 0.0 1.0 0.0 0.0 0.0 1.0 -136.376709521614 -0.590619407846 -3.067427016387 -27.658281337857 -78.103354131524
1.0 0.0 0.0 0.0 1.0 0.0 0.0 0.0 1.0 -136.239436433809 1.105489936068 -5.304225901624 -28.682392504285 -79.037042998286
1.0 0.0 0.0 0.0 1.0 0.0 0.0 0.0 1.0 -135.921331930967 -0.516171646283 -3.350732762018 -26.445642905594 -76.521742837762
1.0 0.0 0.0 0.0 1.0 0.0 0.0 0.0 1.0 -133.637154959135 -0.542112191154 -3.242149913111 -26.258610671582 -76.596555731367
1.0 0.0 0.0 0.0 1.0 0.0 0.0 0.0 1.0 -135.632886326579 -0.009881071291 -3.873013820872 -28.639341416873 -79.054263433251
1.0 0.0 0.0 0.0 1.0 0.0 0.0 0.0 1.0 -135.614756905625 0.656842933809 -4.349980970862 -26.331259069527 -76.643106128287
1.0 0.0 0.0 0.0 1.0 0.0 0.0 0.0 1.0 -135.233574121008 -0.520121604629 -3.271102517961 -29.896465856110 -80.509706340483
1.0 0.0 0.0 0.0 1.0 0.0 0.0 0.0 1.0 -135.174080531892 -0.541851678079 -3.268814633725 -29.582922533520 -79.576587084153
1.0 0.0 0.0 0.0 1.0 0.0 0.0 0.0 1.0 -135.081566229837 -0.501083503445 -3.215686694092 -27.124755376220 -76.325707605610
1.0 0.0 0.0 0.0 1.0 0.0 0.0 0.0 1.0 -132.724929659960 -0.375441067048 -4.557249830615 -25.798650748324 -74.739076286036
1.0 0.0 0.0 0.0 1.0 0.0 0.0 0.0 1.0 -134.984182672896 -0.483497102367 -3.096961944138 -25.749782644669 -74.758623527498
1.0 0.0 0.0 0.0 1.0 0.0 0.0 0.0 1.0 -134.922997999577 -0.468706554553 -2.988716307031 -30.108209361059 -79.551716255576
1.0 0.0 0.0 0.0 1.0 0.0 0.0 0.0 1.0 -136.168421156708 1.082842814942 -4.099973482187 -24.816889803415 -74.073244078634
1.0 0.0 0.0 0.0 1.0 0.0 0.0 0.0 1.0 -134.996946328905 -0.374553572278 -3.122414432058 -27.304249988133 -77.211633338080
1.0 0.0 0.0 0.0 1.0 0.0 0.0 0.0 1.0 -135.005515884723 -0.353157579953 -2.941699931492 -26.723905885391 -76.565437645844
1.0 0.0 0.0 0.0 1.0 0.0 0.0 0.0 1.0 -135.092629022013 -0.255920631275 -5.889258920157 -30.317906074692 -80.341130253050
1.0 0.0 0.0 0.0 1.0 0.0 0.0 0.0 1.0 -134.991376290979 -0.312116164658 -3.131503334335 -27.884180728620 -78.012994375219
1.0 0.0 0.0 0.0 1.0 0.0 0.0 0.0 1.0 -135.183503155956 -0.371468135571 -4.467157196024 -24.434468228042 -74.226212708783
1.0 0.0 0.0 0.0 1.0 0.0 0.0 0.0 1.0 -135.274539428883 -0.393732206683 -3.986217970372 -27.083410525183 -77.400782131390
1.0 0.0 0.0 0.0 1.0 0.0 0.0 0.0 1.0 -135.370792076446 -0.411609364393 -3.148857812859 -28.977720858226 -79.818667754271
1.0 0.0 0.0 0.0 1.0 0.0 0.0 0.0 1.0 -135.458261407348 -0.445561146861 -3.255764929244 -24.478328436137 -75.242001958878
1.0 0.0 0.0 0.0 1.0 0.0 0.0 0.0 1.0 -132.605504626256 -0.042359480412 -4.378634170291 -29.895454324750 -81.568647538393
1.0 0.0 0.0 0.0 1.0 0.0 0.0 0.0 1.0 -135.338659928033 -0.406185329938 -3.529070048116 -26.915877818560 -78.526331799405
1.0 0.0 0.0 0.0 1.0 0.0 0.0 0.0 1.0 -135.638826745965 -0.384722353863 -3.441879870960 -24.718380249752 -76.229721070831
1.0 0.0 0.0 0.0 1.0 0.0 0.0 0.0 1.0 -134.846670005133 -0.563535250450 -4.868742955328 -25.958782308118 -77.956487076753
1.0 0.0 0.0 0.0 1.0 0.0 0.0 0.0 1.0 -135.698018548646 -0.349059510852 -3.418692906284 -26.399197433933 -78.865321026427
1.0 0.0 0.0 0.0 1.0 0.0 0.0 0.0 1.0 -135.770692030943 -0.360045447693 -3.388574915743 -24.530989580148 -76.357604167941
1.0 0.0 0.0 0.0 1.0 0.0 0.0 0.0 1.0 -134.751388685138 -0.079634492461 -3.929059459742 -26.443471415256 -78.986713998000
1.0 0.0 0.0 0.0 1.0 0.0 0.0 0.0 1.0 -133.800615840174 -0.382309369805 -3.112314445903 -25.545563206972 -78.233056768493
1.0 0.0 0.0 0.0 1.0 0.0 0.0 0.0 1.0 -135.733804907371 -0.486180523088 -3.149955274482 -25.482300858057 -79.371182220880
1.0 0.0 0.0 0.0 1.0 0.0 0.0 0.0 1.0 -135.781853018307 -0.508247385771 -3.317373077858 -27.652026629974 -81.841753450575
1.0 0.0 0.0 0.0 1.0 0.0 0.0 0.0 1.0 -136.508157432597 -0.190063999370 -5.443976592834 -21.589781956304 -76.449087217478
1.0 0.0 0.0 0.0 1.0 0.0 0.0 0.0 1.0 -135.994854472316 -0.451142614842 -3.832847799204 -26.687718561278 -82.227476678053
1.0 0.0 0.0 0.0 1.0 0.0 0.0 0.0 1.0 -136.051873087227 -0.429540909485 -3.849920815969 -25.063812057613 -80.651398253878
1.0 0.0 0.0 0.0 1.0 0.0 0.0 0.0 1.0 -134.231612123939 0.516431516073 -2.998499292248 -27.525271151605 -83.268838907779
1.0 0.0 0.0 0.0 1.0 0.0 0.0 0.0 1.0 -136.210474349446 -0.291263510436 -3.464433884767 -24.269699772666 -80.002646406723
1.0 0.0 0.0 0.0 1.0 0.0 0.0 0.0 1.0 -136.168376881303 -0.185148095634 -3.368984659472 -24.099072429881 -78.928792080679
1.0 0.0 0.0 0.0 1.0 0.0 0.0 0.0 1.0 -136.264786089659 -0.181689556650 -3.052967181393 -17.632544452074 -71.789087482328
1.0 0.0 0.0 0.0 1.0 0.0 0.0 0.0 1.0 -136.158249593185 -0.093971263000 -3.059904676666 -21.271949798523 -75.491220080591
1.0 0.0 0.0 0.0 1.0 0.0 0.0 0.0 1.0 -136.205285347978 -0.074465610410 -3.187431941137 -23.895894754311 -78.675788439739
1.0 0.0 0.0 0.0 1.0 0.0 0.0 0.0 1.0 -133.963368529749 1.550169747174 -6.204849199097 -25.159526547143 -79.102856047810
1.0 0.0 0.0 0.0 1.0 0.0 0.0 0.0 1.0 -136.343092112278 -0.099544627669 -4.135971229510 -27.122470671300 -81.417678398147
1.0 0.0 0.0 0.0 1.0 0.0 0.0 0.0 1.0 -136.362467281965 -0.109631879094 -4.399056559557 -28.418290076695 -82.159513237615
1.0 0.0 0.0 0.0 1.0 0.0 0.0 0.0 1.0 -134.812748595328 0.186293227259 -3.019312337931 -27.148745911832 -81.608794318194
1.0 0.0 0.0 0.0 1.0 0.0 0.0 0.0 1.0 -136.322885694047 -0.141159813662 -3.845324059041 -22.113268869454 -76.213229037584
1.0 0.0 0.0 0.0 1.0 0.0 0.0 0.0 1.0 -136.335779714005 -0.092527200007 -3.586864725587 -25.343618907534 -79.287552436986
1.0 0.0 0.0 0.0 1.0 0.0 0.0 0.0 1.0 -134.277820750726 0.011463210987 -1.821727234144 -27.234968184126 -80.701012726350
1.0 0.0 0.0 0.0 1.0 0.0 0.0 0.0 1.0 -136.393315960383 0.036870190790 -3.157033269238 -27.179797487919 -80.723081004833
1.0 0.0 0.0 0.0 1.0 0.0 0.0 0.0 1.0 -136.390930822588 0.037855897902 -3.021620488048 -22.158690276079 -76.195060474934
1.0 0.0 0.0 0.0 1.0 0.0 0.0 0.0 1.0 -136.697557857911 -1.481868463500 -4.414460660404 -25.616292103051 -80.104702670975
1.0 0.0 0.0 0.0 1.0 0.0 0.0 0.0 1.0 -136.467019079949 -0.221094381489 -3.380921719439 -21.596358899655 -76.394789773471
1.0 0.0 0.0 0.0 1.0 0.0 0.0 0.0 1.0 -136.488795502207 -0.143560845202 -3.941097334007 -24.433735690548 -79.393172390447
1.0 0.0 0.0 0.0 1.0 0.0 0.0 0.0 1.0 -135.465007438127 0.421792057255 -4.525230697096 -25.518342590215 -81.025996297247
1.0 0.0 0.0 0.0 1.0 0.0 0.0 0.0 1.0 -135.232593793823 -0.182678944168 -3.729342159624 -24.578602102761 -79.335225825562
1.0 0.0 0.0 0.0 1.0 0.0 0.0 0.0 1.0 -136.556835380922 -0.182178253969 -3.413694757152 -27.283680946671 -81.554820304258
1.0 0.0 0.0 0.0 1.0 0.0 0.0 0.0 1.0 -136.581415819243 -0.766665979317 -2.618866940776 -18.461288623616 -72.065484550553
1.0 0.0 0.0 0.0 1.0 0.0 0.0 0.0 1.0 -136.336165162644 -0.291616685305 -3.150136278018 -25.755396314624 -78.990524400980
1.0 0.0 0.0 0.0 1.0 0.0 0.0 0.0 1.0 -136.150929070234 -0.333158356299 -3.073944284344 -28.079167373691 -81.236625733450
1.0 0.0 0.0 0.0 1.0 0.0 0.0 0.0 1.0 -135.762417954301 0.637060168629 -4.780176783058 -27.948388467534 -81.087311279653
1.0 0.0 0.0 0.0 1.0 0.0 0.0 0.0 1.0 -134.702475109301 -0.262877631663 -4.022266760896 -26.099249432473 -79.616114180499
1.0 0.0 0.0 0.0 1.0 0.0 0.0 0.0 1.0 -136.001128533341 -0.302251857737 -4.681878902335 -26.114844852679 -79.609876012417
1.0 0.0 0.0 0.0 1.0 0.0 0.0 0.0 1.0 -134.510973813440 0.446121264223 -3.883689943540 -25.337230214730 -79.031774580775
1.0 0.0 0.0 0.0 1.0 0.0 0.0 0.0 1.0 -135.567345469129 -0.292747782294 -4.005734013821 -27.360400072679 -80.650839970928
1.0 0.0 0.0 0.0 1.0 0.0 0.0 0.0 1.0 -135.330421328207 -0.341978908259 -3.539874904089 -22.077156860587 -75.169137255765
1.0 0.0 0.0 0.0 1.0 0.0 0.0 0.0 1.0 -134.689665647354 0.200234686684 -1.618075489764 -17.715626104951 -70.650591663283
1.0 0.0 0.0 0.0 1.0 0.0 0.0 0.0 1.0 -132.812126405664 -0.196039475380 -3.219288236041 -17.785067841618 -70.424434401814
1.0 0.0 0.0 0.0 1.0 0.0 0.0 0.0 1.0 -134.708037922494 -0.165322429310 -3.090790305498 -24.273497641945 -77.545600943222
1.0 0.0 0.0 0.0 1.0 0.0 0.0 0.0 1.0 -135.274107026190 -1.113776521709 -6.977693038934 -23.510756849440 -76.712770430956
1.0 0.0 0.0 0.0 1.0 0.0 0.0 0.0 1.0 -134.615200041784 -0.292660196302 -4.062875307033 -24.234158559411 -77.406336576235
1.0 0.0 0.0 0.0 1.0 0.0 0.0 0.0 1.0 -134.395668295535 -0.280584294932 -4.419248803504 -24.232754220730 -77.482508067805
1.0 0.0 0.0 0.0 1.0 0.0 0.0 0.0 1.0 -135.392543853929 -0.690934635123 -3.106432779150 -22.163531492830 -75.134587402868
1.0 0.0 0.0 0.0 1.0 0.0 0.0 0.0 1.0 -132.248757717374 -0.367029659443 -3.548461701070 -23.715137109456 -76.683945156218
1.0 0.0 0.0 0.0 1.0 0.0 0.0 0.0 1.0 -134.232269169186 -0.350223683380 -3.466921729804 -24.619875392689 -78.285383176258
1.0 0.0 0.0 0.0 1.0 0.0 0.0 0.0 1.0 -134.111100569503 0.885572153340 -3.474658989021 -25.265560724018 -79.186458637222
1.0 0.0 0.0 0.0 1.0 0.0 0.0 0.0 1.0 -134.294402904182 -0.270284844904 -3.416402198102 -26.288035697422 -79.836005233226
1.0 0.0 0.0 0.0 1.0 0.0 0.0 0.0 1.0 -134.370171896540 -0.329125993620 -3.317656852938 -22.931665025876 -74.827333989650
1.0 0.0 0.0 0.0 1.0 0.0 0.0 0.0 1.0 -133.699586662816 0.572551593398 -4.313429169727 -28.500322778815 -80.194870888474
1.0 0.0 0.0 0.0 1.0 0.0 0.0 0.0 1.0 -132.304242736745 -0.275769019557 -3.239538702543 -19.376081328592 -71.091672731721
1.0 0.0 0.0 0.0 1.0 0.0 0.0 0.0 1.0 -134.308868560685 -0.293123046154 -3.244958601334 -19.805249131241 -71.770208039811
1.0 0.0 0.0 0.0 1.0 0.0 0.0 0.0 1.0 -133.644389037717 1.284874847301 -4.481969229939 -25.584098210916 -77.192676505107
1.0 0.0 0.0 0.0 1.0 0.0 0.0 0.0 1.0 -134.157270593399 -0.132083874943 -3.735099586745 -25.651798661100 -77.165596325034
1.0 0.0 0.0 0.0 1.0 0.0 0.0 0.0 1.0 -134.040370437510 -0.052044863010 -4.000003905665 -20.767170913808 -72.493131634477
1.0 0.0 0.0 0.0 1.0 0.0 0.0 0.0 1.0 -133.989365319914 -0.695356909966 -4.173507508510 -28.338683075507 -80.104526769797
1.0 0.0 0.0 0.0 1.0 0.0 0.0 0.0 1.0 -132.461055691920 -0.068260899256 -3.865181950187 -25.888647051533 -77.261207846053
1.0 0.0 0.0 0.0 1.0 0.0 0.0 0.0 1.0 -132.956975395579 -0.042439860849 -3.563253705442 -24.215368485139 -75.519408161500
1.0 0.0 0.0 0.0 1.0 0.0 0.0 0.0 1.0 -133.478776332004 0.371372515403 -3.558388932152 -23.382859848920 -74.646856060432
1.0 0.0 0.0 0.0 1.0 0.0 0.0 0.0 1.0 -133.333409954412 -0.074165823980 -3.506980524329 -23.193457937411 -74.722616825036
1.0 0.0 0.0 0.0 1.0 0.0 0.0 0.0 1.0 -133.161258784260 -0.139569273184 -3.996885665940 -29.695746806902 -82.137085892624
1.0 0.0 0.0 0.0 1.0 0.0 0.0 0.0 1.0 -132.990669668197 -0.215174002047 -3.667265450362 -29.490395273496 -81.968841890602
1.0 0.0 0.0 0.0 1.0 0.0 0.0 0.0 1.0 -132.248437620213 0.099863869157 -4.558670977762 -29.195008983220 -81.224560509276
1.0 0.0 0.0 0.0 1.0 0.0 0.0 0.0 1.0 -130.563495456161 -0.238802852335 -3.710388452752 -25.441483684476 -77.161868064671
1.0 0.0 0.0 0.0 1.0 0.0 0.0 0.0 1.0 -132.311482538525 -0.222288365670 -3.393469276304 -22.994635460790 -74.802145815684
1.0 0.0 0.0 0.0 1.0 0.0 0.0 0.0 1.0 -132.815434369301 0.477577222061 -4.038285811092 -25.733489260633 -78.275025348378
1.0 0.0 0.0 0.0 1.0 0.0 0.0 0.0 1.0 -132.395070030235 0.178511786009 -3.484250485178 -19.419225433518 -72.179678247645
1.0 0.0 0.0 0.0 1.0 0.0 0.0 0.0 1.0 -131.855024047132 -0.136893811354 -3.679098805021 -25.865847672944 -79.364187246612
1.0 0.0 0.0 0.0 1.0 0.0 0.0 0.0 1.0 -132.095239020070 -0.833448559168 -3.940404425139 -23.416687321324 -76.917535597786
1.0 0.0 0.0 0.0 1.0 0.0 0.0 0.0 1.0 -129.757731713971 -0.582425929888 -3.483299493762 -26.612585780723 -80.392803525548
1.0 0.0 0.0 0.0 1.0 0.0 0.0 0.0 1.0 -131.437174159904 -0.247568143594 -3.167884269268 -18.847265547374 -72.677309997267
1.0 0.0 0.0 0.0 1.0 0.0 0.0 0.0 1.0 -131.541438677323 0.157920436160 -3.841396074760 -22.558579366145 -76.118673516700
1.0 0.0 0.0 0.0 1.0 0.0 0.0 0.0 1.0 -131.471270840656 0.005616767226 -3.535111781906 -25.198611071411 -78.488976624067
1.0 0.0 0.0 0.0 1.0 0.0 0.0 0.0 1.0 -131.354232299989 -0.197502635539 -3.321544257424 -26.289927008067 -79.348894061638
1.0 0.0 0.0 0.0 1.0 0.0 0.0 0.0 1.0 -130.749700068327 -0.033092731515 -3.276994483479 -24.155530001715 -76.621998525630
1.0 0.0 0.0 0.0 1.0 0.0 0.0 0.0 1.0 -129.028365648487 -0.143416705909 -3.412564527630 -24.403169000813 -76.522942925990
1.0 0.0 0.0 0.0 1.0 0.0 0.0 0.0 1.0 -131.264320610464 -0.209797550382 -2.866251875146 -19.719971693927 -71.193092403510
1.0 0.0 0.0 0.0 1.0 0.0 0.0 0.0 1.0 -130.708172114540 0.079594354846 -3.605781754911 -27.759367592940 -78.761117827689
1.0 0.0 0.0 0.0 1.0 0.0 0.0 0.0 1.0 -130.894519180149 0.024078844513 -2.839710825236 -20.300231926334 -71.067407229466
1.0 0.0 0.0 0.0 1.0 0.0 0.0 0.0 1.0 -131.131534371217 -0.092364698889 -3.037455935828 -25.105974307518 -76.368721388104
1.0 0.0 0.0 0.0 1.0 0.0 0.0 0.0 1.0 -131.115601001951 -0.012462964412 -3.582229902078 -24.845078541064 -76.407914529520
1.0 0.0 0.0 0.0 1.0 0.0 0.0 0.0 1.0 -129.390699507066 -0.043482360047 -3.348167641001 -29.801131837198 -81.999547265121
1.0 0.0 0.0 0.0 1.0 0.0 0.0 0.0 1.0 -130.894997714808 -0.138599430159 -3.655438551829 -25.545361207092 -77.501855517163
1.0 0.0 0.0 0.0 1.0 0.0 0.0 0.0 1.0 -130.438115341591 -0.157198078902 -3.112769400112 -24.051014163097 -75.619594334761
1.0 0.0 0.0 0.0 1.0 0.0 0.0 0.0 1.0 -130.582230910573 -0.168137447944 -3.590909154256 -21.777982895893 -72.743352296188
1.0 0.0 0.0 0.0 1.0 0.0 0.0 0.0 1.0 -130.751114872611 -0.162321562448 -2.871222258000 -24.145517850871 -71.000000000000
1.0 0.0 0.0 0.0 1.0 0.0 0.0 0.0 1.0 -130.546310433814 0.806846411971 -2.935102074018 -26.468342821630 -78.372662871348
1.0 0.0 0.0 0.0 1.0 0.0 0.0 0.0 1.0 -128.723804767065 0.444490531309 -2.485441404003 -24.368279668601 -71.000000000000
1.0 0.0 0.0 0.0 1.0 0.0 0.0 0.0 1.0 -130.128282924195 0.027366260286 -3.134183548478 -23.500261633629 -74.599895346548
1.0 0.0 0.0 0.0 1.0 0.0 0.0 0.0 1.0 -130.302154646521 -0.135224287787 -2.898815137187 -24.356316002771 -75.430446571865
1.0 0.0 0.0 0.0 1.0 0.0 0.0 0.0 1.0 -130.193169490455 -0.068646766929 -2.803230171123 -27.476731517446 -78.874172257886
1.0 0.0 0.0 0.0 1.0 0.0 0.0 0.0 1.0 -130.100803640986 -0.005366995010 -3.254664833352 -27.959774513391 -78.843867972421
1.0 0.0 0.0 0.0 1.0 0.0 0.0 0.0 1.0 -130.227224116667 -0.361809891585 -3.011672195078 -27.006095460880 -77.765982868280
1.0 0.0 0.0 0.0 1.0 0.0 0.0 0.0 1.0 -130.005785872577 -0.210326575968 -3.347341146187 -21.156367670833 -71.753669147883
1.0 0.0 0.0 0.0 1.0 0.0 0.0 0.0 1.0 -128.478932320629 -0.071542987209 -2.815569893885 -26.445723066645 -76.848026562816
1.0 0.0 0.0 0.0 1.0 0.0 0.0 0.0 1.0 -129.659099675124 -0.871903498436 -3.650926498921 -26.441309709695 -76.849791905596
1.0 0.0 0.0 0.0 1.0 0.0 0.0 0.0 1.0 -130.021770234993 -0.566564346400 -3.004627446409 -26.390433714108 -76.870142303830
1.0 0.0 0.0 0.0 1.0 0.0 0.0 0.0 1.0 -130.425396105865 -0.188210569373 -3.214970862354 -25.457418111331 -76.101243281784
1.0 0.0 0.0 0.0 1.0 0.0 0.0 0.0 1.0 -130.154408219323 -0.359853761991 -3.413519891212 -25.865850288883 -77.079975673920
1.0 0.0 0.0 0.0 1.0 0.0 0.0 0.0 1.0 -130.348505110533 -0.240140019260 -3.167407008607 -24.284621115424 -75.428256816988
1.0 0.0 0.0 0.0 1.0 0.0 0.0 0.0 1.0 -128.610841842753 -0.107736015305 -3.355366075808 -24.800400121485 -76.364050477722
1.0 0.0 0.0 0.0 1.0 0.0 0.0 0.0 1.0 -130.722318583594 -0.739215668602 -3.006608169838 -20.084208889386 -72.182532660462
1.0 0.0 0.0 0.0 1.0 0.0 0.0 0.0 1.0 -130.719207650585 -0.426733495374 -3.203072471487 -28.635312082017 -80.984764056082
1.0 0.0 0.0 0.0 1.0 0.0 0.0 0.0 1.0 -130.679243415928 -0.113645536965 -3.079377214831 -19.052271475631 -71.460172490829
1.0 0.0 0.0 0.0 1.0 0.0 0.0 0.0 1.0 -131.279743306929 -1.774608542697 -3.707287046676 -22.661644053432 -74.935342378627
1.0 0.0 0.0 0.0 1.0 0.0 0.0 0.0 1.0 -131.088281220572 -1.143129210312 -3.473115257118 -27.875999371207 -81.060411062328
1.0 0.0 0.0 0.0 1.0 0.0 0.0 0.0 1.0 -128.888237071316 -0.351111262712 -3.345136776734 -26.267178100811 -79.357993624540
1.0 0.0 0.0 0.0 1.0 0.0 0.0 0.0 1.0 -130.893858361378 -0.335497912844 -3.526610104947 -29.413371725433 -82.791408066583
1.0 0.0 0.0 0.0 1.0 0.0 0.0 0.0 1.0 -131.582942985324 -0.379454896334 -4.398566934923 -26.962217745542 -80.252950739621
1.0 0.0 0.0 0.0 1.0 0.0 0.0 0.0 1.0 -131.051026421877 -0.291024091292 -3.738536835414 -25.669783616825 -78.423978445162
1.0 0.0 0.0 0.0 1.0 0.0 0.0 0.0 1.0 -130.795304478033 -0.257811471473 -3.008171102727 -24.734462310444 -77.625133994741
1.0 0.0 0.0 0.0 1.0 0.0 0.0 0.0 1.0 -130.959245817005 -0.237612494331 -3.291620976000 -29.714181539200 -82.964327384320
1.0 0.0 0.0 0.0 1.0 0.0 0.0 0.0 1.0 -129.156810568500 -0.263223672367 -3.117665127614 -28.196470267468 -66.000000000000
1.0 0.0 0.0 0.0 1.0 0.0 0.0 0.0 1.0 -130.874668094278 -0.575186459472 -3.591282198197 -19.227715988821 -67.000000000000
1.0 0.0 0.0 0.0 1.0 0.0 0.0 0.0 1.0 -130.977661741392 -0.473048525558 -2.959836238734 -25.897553266234 -78.463200915729
1.0 0.0 0.0 0.0 1.0 0.0 0.0 0.0 1.0 -131.127726124558 -0.331685805029 -2.977378726982 -25.716430074747 -79.423954285891
1.0 0.0 0.0 0.0 1.0 0.0 0.0 0.0 1.0 -131.377851618496 -0.170069169788 -4.714410180947 -26.679352372988 -81.322995892910
1.0 0.0 0.0 0.0 1.0 0.0 0.0 0.0 1.0 -131.409437709974 -0.229237328598 -4.149274074301 -26.366593672758 -81.243106120640
1.0 0.0 0.0 0.0 1.0 0.0 0.0 0.0 1.0 -130.729522787119 -0.276101906656 -3.771676734509 -25.410382029615 -79.546373503943
1.0 0.0 0.0 0.0 1.0 0.0 0.0 0.0 1.0 -129.600650221361 0.718962911947 -3.458756092830 -23.551222008039 -76.863721723100
1.0 0.0 0.0 0.0 1.0 0.0 0.0 0.0 1.0 -131.098298280434 0.338448828043 -3.656122165258 -25.201118391071 -78.611444535463
1.0 0.0 0.0 0.0 1.0 0.0 0.0 0.0 1.0 -131.336427736096 -0.120011506835 -2.973561903101 -17.860488797980 -71.936885561889
1.0 0.0 0.0 0.0 1.0 0.0 0.0 0.0 1.0 -131.378213315338 -0.146510632381 -3.463783983867 -25.352708691188 -79.723781388390
1.0 0.0 0.0 0.0 1.0 0.0 0.0 0.0 1.0 -131.925736360962 -0.715215045082 -3.525301548532 -27.308912584102 -81.515323855248
1.0 0.0 0.0 0.0 1.0 0.0 0.0 0.0 1.0 -131.532187047570 -0.180432915550 -3.491917056634 -23.603096692290 -75.671581835905
1.0 0.0 0.0 0.0 1.0 0.0 0.0 0.0 1.0 -129.626934001832 -0.152048833437 -3.329298393741 -24.443849463671 -74.222460214532
1.0 0.0 0.0 0.0 1.0 0.0 0.0 0.0 1.0 -130.467435037033 0.178498703484 -3.681989316102 -30.036912303175 -78.837866657678
1.0 0.0 0.0 0.0 1.0 0.0 0.0 0.0 1.0 -131.495802991054 -0.092272431071 -3.589347560263 -27.568342445553 -74.114768284937
1.0 0.0 0.0 0.0 1.0 0.0 0.0 0.0 1.0 -131.457160273688 -0.065333599908 -2.869000107036 -24.902987003650 -69.119886279621
1.0 0.0 0.0 0.0 1.0 0.0 0.0 0.0 1.0 -130.902457911508 -0.313361878691 -3.547102268424 -30.419156627971 -72.974442611970
1.0 0.0 0.0 0.0 1.0 0.0 0.0 0.0 1.0 -131.477421609442 -0.101613578964 -2.927930201966 -36.087180913463 -78.701969739878
1.0 0.0 0.0 0.0 1.0 0.0 0.0 0.0 1.0 -129.408858733753 -0.292137747109 -3.960181340668 -30.254675662013 -73.010950248015
1.0 0.0 0.0 0.0 1.0 0.0 0.0 0.0 1.0 -131.545366316419 -0.251758463096 -3.330741241012 -31.763065371190 -73.520414877165
1.0 0.0 0.0 0.0 1.0 0.0 0.0 0.0 1.0 -131.699476861508 -0.177847172223 -3.711434474080 -32.271749411423 -73.261300235431
1.0 0.0 0.0 0.0 1.0 0.0 0.0 0.0 1.0 -131.694431427301 0.560985217654 -3.347902012090 -33.309997292669 -75.127283134214
1.0 0.0 0.0 0.0 1.0 0.0 0.0 0.0 1.0 -131.819406806082 0.289761002051 -3.283271699889 -35.351513618728 -76.712026131456
1.0 0.0 0.0 0.0 1.0 0.0 0.0 0.0 1.0 -131.954039365408 -0.062758371891 -3.764383422512 -35.143120742889 -78.622751702844
1.0 0.0 0.0 0.0 1.0 0.0 0.0 0.0 1.0 -130.056391711196 -0.072137232303 -2.885233766409 -29.329277755901 -74.493929923280
1.0 0.0 0.0 0.0 1.0 0.0 0.0 0.0 1.0 -131.455091645598 -0.428962908322 -2.974649327951 -32.436117539102 -79.928117086923
1.0 0.0 0.0 0.0 1.0 0.0 0.0 0.0 1.0 -132.223770665637 -0.151443371501 -2.573246419353 -26.623233927282 -75.520706429087
1.0 0.0 0.0 0.0 1.0 0.0 0.0 0.0 1.0 -132.097571580289 -0.871334131042 -3.881314719937 -31.135508364633 -80.225796654147
1.0 0.0 0.0 0.0 1.0 0.0 0.0 0.0 1.0 -132.408042488047 -0.594355505950 -3.175691949075 -28.040001438651 -76.038999424540
1.0 0.0 0.0 0.0 1.0 0.0 0.0 0.0 1.0 -132.722289157209 -0.191052005243 -3.572528728112 -32.264529926276 -81.109572644874
1.0 0.0 0.0 0.0 1.0 0.0 0.0 0.0 1.0 -132.040102515763 -0.649099003143 -3.346341332169 -30.483812457720 -79.596218606655
1.0 0.0 0.0 0.0 1.0 0.0 0.0 0.0 1.0 -132.672815716645 -0.416986392102 -3.245303612444 -32.039640365883 -81.199528469031
1.0 0.0 0.0 0.0 1.0 0.0 0.0 0.0 1.0 -133.260014483903 -0.135932790019 -3.751085755386 -28.879013526627 -78.958394589349
1.0 0.0 0.0 0.0 1.0 0.0 0.0 0.0 1.0 -133.357960962727 -0.040426529498 -3.124262273077 -28.009385445181 -79.306245821928
1.0 0.0 0.0 0.0 1.0 0.0 0.0 0.0 1.0 -133.609799065006 -0.067899640560 -3.850547342618 -23.323366033933 -74.670653586427
1.0 0.0 0.0 0.0 1.0 0.0 0.0 0.0 1.0 -133.811698233325 -0.063939560928 -3.290546191575 -28.186842398215 -80.515006630458
1.0 0.0 0.0 0.0 1.0 0.0 0.0 0.0 1.0 -132.650227273780 -0.070320751752 -3.757909151193 -23.594691297651 -75.674943993760
1.0 0.0 0.0 0.0 1.0 0.0 0.0 0.0 1.0 -132.572970614279 1.584879819829 -2.233779322363 -28.688436951767 -81.427189321857
1.0 0.0 0.0 0.0 1.0 0.0 0.0 0.0 1.0 -134.209165497391 0.055665867008 -3.534370482178 -22.968424256346 -74.812630297462
1.0 0.0 0.0 0.0 1.0 0.0 0.0 0.0 1.0 -134.430731551159 0.040494776086 -3.494850004590 -29.272077514760 -81.193733096660
1.0 0.0 0.0 0.0 1.0 0.0 0.0 0.0 1.0 -133.885794960563 -0.464546912090 -3.732664885347 -25.846003701790 -76.007544465230
1.0 0.0 0.0 0.0 1.0 0.0 0.0 0.0 1.0 -134.716716145471 0.178184856886 -3.967597272731 -26.744804051289 -75.648024325430
1.0 0.0 0.0 0.0 1.0 0.0 0.0 0.0 1.0 -134.439017103129 -0.609917378188 -3.523306155189 -29.584747146428 -79.203938979267
1.0 0.0 0.0 0.0 1.0 0.0 0.0 0.0 1.0 -132.692969961540 -0.255507451661 -3.640649340536 -25.757043860507 -74.839287718955
1.0 0.0 0.0 0.0 1.0 0.0 0.0 0.0 1.0 -135.062725767759 0.121049396305 -3.584715941630 -28.795986918795 -78.192131548272
1.0 0.0 0.0 0.0 1.0 0.0 0.0 0.0 1.0 -134.906495961256 -0.525907505088 -3.831983589298 -31.357192752190 -80.593965004387
1.0 0.0 0.0 0.0 1.0 0.0 0.0 0.0 1.0 -135.170645889214 -0.414777582604 -4.037192695239 -30.976090752860 -80.512127801420
1.0 0.0 0.0 0.0 1.0 0.0 0.0 0.0 1.0 -135.491931927360 -0.244342729884 -4.071480956946 -24.182035630715 -74.327185747714
1.0 0.0 0.0 0.0 1.0 0.0 0.0 0.0 1.0 -135.508480565992 0.630713132618 -4.212684423950 -31.285974707924 -81.764557485251
1.0 0.0 0.0 0.0 1.0 0.0 0.0 0.0 1.0 -133.576676425441 0.290665785730 -4.167046814701 -28.834119004123 -79.318983977298
1.0 0.0 0.0 0.0 1.0 0.0 0.0 0.0 1.0 -135.779954512772 -0.163473928651 -3.818783936045 -27.719377104785 -78.777114022951
1.0 0.0 0.0 0.0 1.0 0.0 0.0 0.0 1.0 -136.139202824158 -0.052743077242 -4.525660182609 -28.224586373494 -79.748003288440
1.0 0.0 0.0 0.0 1.0 0.0 0.0 0.0 1.0 -136.124053340614 -0.040918163077 -3.829037005881 -24.735216966803 -76.451859159225
1.0 0.0 0.0 0.0 1.0 0.0 0.0 0.0 1.0 -136.087941192601 -0.036044988634 -4.243772703476 -23.507328514859 -75.739173857214
1.0 0.0 0.0 0.0 1.0 0.0 0.0 0.0 1.0 -136.182700861142 0.010511879577 -3.911398667901 -24.666909156790 -77.559552126758
1.0 0.0 0.0 0.0 1.0 0.0 0.0 0.0 1.0 -135.280152973645 -2.423619970183 -5.317768634456 -24.299813345821 -77.706390451145
1.0 0.0 0.0 0.0 1.0 0.0 0.0 0.0 1.0 -136.395301607258 -0.068409245742 -4.136458532323 -21.945081515164 -75.221967393935
1.0 0.0 0.0 0.0 1.0 0.0 0.0 0.0 1.0 -136.381669490402 -0.010939464941 -4.275509733487 -21.870739982673 -75.251704006931
1.0 0.0 0.0 0.0 1.0 0.0 0.0 0.0 1.0 -136.397633556165 -0.018506993208 -4.348587095706 -28.706161345412 -82.532920077220
1.0 0.0 0.0 0.0 1.0 0.0 0.0 0.0 1.0 -136.640147279513 0.659440252020 -4.664740600745 -23.645000052182 -76.711999979127
1.0 0.0 0.0 0.0 1.0 0.0 0.0 0.0 1.0 -136.432899153776 0.050348913233 -4.356654213439 -22.955020073796 -75.876528555848
1.0 0.0 0.0 0.0 1.0 0.0 0.0 0.0 1.0 -134.638967695653 0.037438659985 -4.134436615195 -22.848303323762 -75.919215255861
1.0 0.0 0.0 0.0 1.0 0.0 0.0 0.0 1.0 -137.533262801698 0.523837794236 -4.661706721430 -24.675936345472 -77.648544380730
1.0 0.0 0.0 0.0 1.0 0.0 0.0 0.0 1.0 -136.553039468360 0.081034940176 -4.268502312410 -30.004720665214 -82.848111733914
1.0 0.0 0.0 0.0 1.0 0.0 0.0 0.0 1.0 -136.531345621936 0.104613116578 -4.503593266055 -26.403548568421 -78.731263499461
1.0 0.0 0.0 0.0 1.0 0.0 0.0 0.0 1.0 -136.589202484897 0.131309132875 -4.471486501171 -26.768786492959 -79.643704915012
1.0 0.0 0.0 0.0 1.0 0.0 0.0 0.0 1.0 -136.623458279064 0.144188041300 -4.274850184685 -29.224487229909 -81.954649552481
1.0 0.0 0.0 0.0 1.0 0.0 0.0 0.0 1.0 -136.429322457459 0.138428763391 -4.055740409376 -27.649279463557 -79.617211291500
1.0 0.0 0.0 0.0 1.0 0.0 0.0 0.0 1.0 -135.011382900171 0.465827254936 -3.695143436169 -29.416534575405 -80.913386169838
1.0 0.0 0.0 0.0 1.0 0.0 0.0 0.0 1.0 -137.072314518658 0.882465648230 -3.935208743825 -28.283952125495 -79.196419149802
1.0 0.0 0.0 0.0 1.0 0.0 0.0 0.0 1.0 -136.786296147420 0.204663552553 -3.443668518719 -24.138696220838 -74.344521511665
1.0 0.0 0.0 0.0 1.0 0.0 0.0 0.0 1.0 -136.818526917129 0.190468771293 -3.781218582934 -26.325901455538 -75.586712588517
1.0 0.0 0.0 0.0 1.0 0.0 0.0 0.0 1.0 -136.807370615467 0.123664389810 -5.072460396606 -29.994027032192 -78.353608699318
1.0 0.0 0.0 0.0 1.0 0.0 0.0 0.0 1.0 -136.642046512796 0.095621305842 -4.685361481443 -25.027379697057 -73.989048121177
1.0 0.0 0.0 0.0 1.0 0.0 0.0 0.0 1.0 -135.116236017883 0.076487544456 -3.808914375840 -25.284200214234 -74.919653247640
1.0 0.0 0.0 0.0 1.0 0.0 0.0 0.0 1.0 -136.442585775906 0.431797991162 -4.886936016477 -24.473507031361 -74.210597187456
1.0 0.0 0.0 0.0 1.0 0.0 0.0 0.0 1.0 -136.698637262129 0.249001559910 -4.327008827189 -27.515333286503 -77.228013026862
1.0 0.0 0.0 0.0 1.0 0.0 0.0 0.0 1.0 -136.995078848855 0.054319848909 -3.691400619158 -24.488484689257 -74.204606124297
1.0 0.0 0.0 0.0 1.0 0.0 0.0 0.0 1.0 -137.064809155451 -0.591449804517 -4.591409669162 -24.597276741343 -74.161089303463
1.0 0.0 0.0 0.0 1.0 0.0 0.0 0.0 1.0 -137.079452907427 -0.357099292691 -4.010458890220 -29.965949545244 -79.803363771646
1.0 0.0 0.0 0.0 1.0 0.0 0.0 0.0 1.0 -135.021994738231 -0.036987957070 -3.482357981264 -27.359115840708 -77.507635714999
1.0 0.0 0.0 0.0 1.0 0.0 0.0 0.0 1.0 -137.259005057831 0.211000913449 -4.830481953969 -20.798616432160 -71.372861119444
1.0 0.0 0.0 0.0 1.0 0.0 0.0 0.0 1.0 -137.191164816896 0.138129545346 -4.454648897162 -24.408981564542 -75.321407374183
1.0 0.0 0.0 0.0 1.0 0.0 0.0 0.0 1.0 -137.100120704180 0.043665191866 -3.985872979618 -26.294486783769 -77.822205286492
1.0 0.0 0.0 0.0 1.0 0.0 0.0 0.0 1.0 -137.113111709747 0.089423908313 -4.077052586500 -24.746330411752 -76.271467835299
1.0 0.0 0.0 0.0 1.0 0.0 0.0 0.0 1.0 -136.808986309390 -0.245693105345 -5.263349589176 -26.625170047512 -77.689931980995
1.0 0.0 0.0 0.0 1.0 0.0 0.0 0.0 1.0 -135.062950051022 0.029753855551 -4.127316372303 -25.972818326818 -76.865872669273
1.0 0.0 0.0 0.0 1.0 0.0 0.0 0.0 1.0 -137.206135110030 0.043429235041 -4.191349268482 -26.125053020296 -76.725588547979
1.0 0.0 0.0 0.0 1.0 0.0 0.0 0.0 1.0 -137.053002831302 0.500055188557 -4.577703529208 -26.085952821968 -76.741228627310
1.0 0.0 0.0 0.0 1.0 0.0 0.0 0.0 1.0 -137.454366690690 0.107334383454 -4.317342199552 -23.979372806787 -74.408250877285
1.0 0.0 0.0 0.0 1.0 0.0 0.0 0.0 1.0 -136.800914405285 0.148477369801 -3.797289804927 -28.452283559542 -79.129086576183
1.0 0.0 0.0 0.0 1.0 0.0 0.0 0.0 1.0 -137.140603715231 0.111024537790 -3.790716181574 -20.555274111757 -71.470198047605
1.0 0.0 0.0 0.0 1.0 0.0 0.0 0.0 1.0 -135.481981727101 0.035761151183 -3.914257246155 -27.344759079544 -78.487096368182
1.0 0.0 0.0 0.0 1.0 0.0 0.0 0.0 1.0 -137.100870771186 -0.702697651460 -4.681321895629 -28.642113344155 -80.138154662338
1.0 0.0 0.0 0.0 1.0 0.0 0.0 0.0 1.0 -137.317209872749 -0.347849330409 -4.698966378400 -24.824293735849 -76.136949172327
1.0 0.0 0.0 0.0 1.0 0.0 0.0 0.0 1.0 -137.533755913309 0.053412745868 -4.711656164441 -26.819516082535 -78.564876493815
1.0 0.0 0.0 0.0 1.0 0.0 0.0 0.0 1.0 -137.273081595049 -1.215305540416 -3.747869395789 -29.358927802876 -82.021428878850
1.0 0.0 0.0 0.0 1.0 0.0 0.0 0.0 1.0 -137.211246742936 -0.754479131679 -3.982428348434 -23.913084047751 -75.519766380900
1.0 0.0 0.0 0.0 1.0 0.0 0.0 0.0 1.0 -136.428352036561 -0.128313640073 -3.927724389141 -26.232794212835 -77.958164366148
1.0 0.0 0.0 0.0 1.0 0.0 0.0 0.0 1.0 -135.558284420995 -0.152440333727 -3.659381727333 -25.231780044070 -77.082897738470
1.0 0.0 0.0 0.0 1.0 0.0 0.0 0.0 1.0 -136.825141292411 0.956377138196 -2.921151086315 -25.210330207373 -77.015867917051
1.0 0.0 0.0 0.0 1.0 0.0 0.0 0.0 1.0 -136.510172669841 -0.036308350198 -3.362294099816 -19.671013418169 -71.351106827854
1.0 0.0 0.0 0.0 1.0 0.0 0.0 0.0 1.0 -136.345367027009 -0.001740677196 -3.560716755902 -22.835841625136 -74.865663349945
1.0 0.0 0.0 0.0 1.0 0.0 0.0 0.0 1.0 -136.614329021909 0.353562892426 -5.513194949128 -18.974265175143 -72.102601622250
1.0 0.0 0.0 0.0 1.0 0.0 0.0 0.0 1.0 -136.116126119951 -0.034786443292 -4.435103264545 -28.524279175315 -82.355288329874
1.0 0.0 0.0 0.0 1.0 0.0 0.0 0.0 1.0 -133.445650045557 0.408026890413 -3.883149899221 -24.736386178625 -78.445445528550
1.0 0.0 0.0 0.0 1.0 0.0 0.0 0.0 1.0 -135.449061167436 0.186228787676 -4.159409548025 -26.000862747074 -79.655468854659
1.0 0.0 0.0 0.0 1.0 0.0 0.0 0.0 1.0 -135.441665455644 -0.042163333582 -3.915648331219 -22.742389285957 -75.988044285617
1.0 0.0 0.0 0.0 1.0 0.0 0.0 0.0 1.0 -135.358851526310 -0.131390955892 -3.405674316648 -23.219155319576 -76.882337872170
1.0 0.0 0.0 0.0 1.0 0.0 0.0 0.0 1.0 -135.098046505194 -0.107650911015 -3.484794442226 -17.930897630755 -71.443025563083
1.0 0.0 0.0 0.0 1.0 0.0 0.0 0.0 1.0 -134.810726424318 -0.068150141964 -3.771195754889 -27.066031629934 -80.963330937770
1.0 0.0 0.0 0.0 1.0 0.0 0.0 0.0 1.0 -132.749501000505 0.512578276702 -3.685770785733 -25.851204482444 -79.687295984800
1.0 0.0 0.0 0.0 1.0 0.0 0.0 0.0 1.0 -134.400996918602 0.308523157529 -3.556459042356 -21.675559045563 -70.000000000000
1.0 0.0 0.0 0.0 1.0 0.0 0.0 0.0 1.0 -134.041918015974 0.013931977545 -3.763774486220 -21.521866929789 -70.000000000000
1.0 0.0 0.0 0.0 1.0 0.0 0.0 0.0 1.0 -133.818268526663 0.032365855547 -3.482767042162 -24.269307962884 -73.000000000000
1.0 0.0 0.0 0.0 1.0 0.0 0.0 0.0 1.0 -133.910742080222 1.315798626792 -4.323830517842 -25.031531430380 -74.000000000000
1.0 0.0 0.0 0.0 1.0 0.0 0.0 0.0 1.0 -133.414193351806 0.109273744349 -3.572454054951 -23.749170268931 -73.000000000000
1.0 0.0 0.0 0.0 1.0 0.0 0.0 0.0 1.0 -130.976380523922 -0.387040727329 -3.899961096051 -22.701780381815 -72.000000000000
1.0 0.0 0.0 0.0 1.0 0.0 0.0 0.0 1.0 -132.798084545124 -0.169314339438 -3.517682679298 -21.281204073261 -70.000000000000
1.0 0.0 0.0 0.0 1.0 0.0 0.0 0.0 1.0 -132.609900787131 0.023934087004 -3.567153645454 -18.101050704368 -67.000000000000
1.0 0.0 0.0 0.0 1.0 0.0 0.0 0.0 1.0 -132.402539267908 -0.767449271795 -4.010088095845 -24.941428491524 -79.129310956331
1.0 0.0 0.0 0.0 1.0 0.0 0.0 0.0 1.0 -132.160782321231 -0.556834948658 -4.024580115378 -22.032251376491 -71.000000000000
1.0 0.0 0.0 0.0 1.0 0.0 0.0 0.0 1.0 -131.890972470334 -0.193001566010 -4.016214025273 -24.206301871572 -73.000000000000
1.0 0.0 0.0 0.0 1.0 0.0 0.0 0.0 1.0 -130.294998255204 -0.185154349883 -3.573647489009 -23.945360080368 -76.974797144323
1.0 0.0 0.0 0.0 1.0 0.0 0.0 0.0 1.0 -129.894799489259 -0.119977172643 -5.066533564464 -22.931199859345 -74.827520056262
1.0 0.0 0.0 0.0 1.0 0.0 0.0 0.0 1.0 -130.821370029460 -0.141464266762 -3.483928078886 -22.101350461765 -72.971959815294
1.0 0.0 0.0 0.0 1.0 0.0 0.0 0.0 1.0 -130.404972080153 -0.121214107351 -3.852498922907 -18.351597796531 -69.022997245024
1.0 0.0 0.0 0.0 1.0 0.0 0.0 0.0 1.0 -130.101813856537 -0.845957188038 -4.278791740985 -22.960457865942 -69.000000000000
1.0 0.0 0.0 0.0 1.0 0.0 0.0 0.0 1.0 -129.526940307859 -0.269282269124 -3.988957513761 -22.025841301431 -71.371481661246
1.0 0.0 0.0 0.0 1.0 0.0 0.0 0.0 1.0 -127.754843323328 -0.163507400832 -3.926694058745 -24.589390496937 -70.000000000000
1.0 0.0 0.0 0.0 1.0 0.0 0.0 0.0 1.0 -127.923378947854 -0.153982229703 -4.039323544725 -26.101329747761 -76.112409277366
1.0 0.0 0.0 0.0 1.0 0.0 0.0 0.0 1.0 -128.532603910986 -0.410221750781 -4.588472088661 -26.354936913608 -76.010966411027
1.0 0.0 0.0 0.0 1.0 0.0 0.0 0.0 1.0 -127.616598327738 -0.175765803215 -4.047736820457 -21.049457496406 -70.767717001438
1.0 0.0 0.0 0.0 1.0 0.0 0.0 0.0 1.0 -127.044904059827 -0.204634579562 -4.183180530905 -20.266872924956 -66.000000000000
1.0 0.0 0.0 0.0 1.0 0.0 0.0 0.0 1.0 -126.143813313183 1.245226814462 -2.242860861830 -27.831223693183 -77.973392875668
1.0 0.0 0.0 0.0 1.0 0.0 0.0 0.0 1.0 -125.893373830574 -0.099288583870 -3.674619916513 -26.864838944168 -63.000000000000
1.0 0.0 0.0 0.0 1.0 0.0 0.0 0.0 1.0 -123.504766943056 -0.128355053754 -3.222050196060 -24.824048868971 -75.155380452411
1.0 0.0 0.0 0.0 1.0 0.0 0.0 0.0 1.0 -125.905560940883 -1.201143994791 -5.119204185559 -27.096102559983 -77.501558976007
1.0 0.0 0.0 0.0 1.0 0.0 0.0 0.0 1.0 -124.510993776342 -0.276081364882 -3.612829665408 -20.073449245262 -70.370620301895