0.999985081334 -0.004972586360 -0.002260640210 0.004968877720 0.999986304991 -0.001643193364 0.002268780172 0.001631936005 0.999996094703 -761.147027368492 -2248.381045551968 -21.668426588573 -1354.1805117017698 -2661.375043853786
0.999996873592 -0.002468510413 0.000399076674 0.002468501270 0.999996952972 0.000023401401 -0.000399133225 -0.000022416207 0.999999920095 182.043515643197 -40.443532370230 -4.594571543126 -1218.872825252915 -2670.920278195361
0.999989409818 -0.004558916477 0.000629708706 0.004558831732 0.999989599232 0.000135947676 -0.000630321931 -0.000133075500 0.999999792493 288.592010859223 -27.250804531073 -4.476090700706 -1350.6952442680265 -2650.3761843034017
0.999931715047 -0.011652257054 -0.000888903486 0.011652151511 0.999932103712 -0.000123820805 0.000890285925 0.000113454712 0.999999597259 -508.334389438678 -1704.116573533458 -2.078646200334 -1427.4152849353882 -2632.584715064612
0.999998555308 -0.001678103093 0.000270836842 0.001678082521 0.999998589118 0.000076167421 -0.000270964277 -0.000075712825 0.999999960423 132.287309669113 -163.524776897396 -0.680327010095 -1375.548436809415 -2640.007118746141
0.999995329964 0.001182519863 -0.002818101714 -0.001186477563 0.999998311751 -0.001403127423 0.002816437730 0.001406464485 0.999995044756 -1661.558720549513 -2857.121577133805 -7.279543683022 -1424.7642831384437 -2668.835716861556
0.999999765225 -0.000668423478 0.000150861835 0.000668403205 0.999999767587 0.000134397269 -0.000150951634 -0.000134296401 0.999999979589 96.825823828186 -6.193389747953 1.667363769871 -1318.5333179405354 -2681.466682059465
0.999999632645 0.000852035478 -0.000093514542 -0.000852033338 0.999999636757 0.000022926651 0.000093534043 -0.000022846965 0.999999995365 -69.074812450804 12.771685815055 1.298807321759 -1256.994825267818 -2608.6301747321822
0.999979658737 -0.005936897909 -0.002331384774 0.005929649158 0.999977602269 -0.003103904225 0.002349760119 0.003090016794 0.999992465183 -1000.427876226322 -2447.864457663595 -30.783147593567 -1292.2638029494756 -2584.01205911949
0.999566870844 -0.029428668432 -0.000155516085 0.029428648337 0.999566875085 -0.000129958404 0.000159273230 0.000125325488 0.999999979463 -222.053530482308 -198.945709194843 3.593697413868 -1195.4840075845445 -2604.5159924154555
0.999991720166 0.003876747576 -0.001237104539 -0.003877784734 0.999992131009 -0.000837081169 0.001233849652 0.000841871464 0.999998884433 59.044154626729 -2349.784768511053 32.408021574593 -1263.5382720738546 -2617.7520505067905
0.999835519045 -0.018135902942 0.000154530818 0.018135854682 0.999835484367 0.000308182330 -0.000160094560 -0.000305329091 0.999999940572 140.878529538502 -162.642336245062 -2.716953227877 -1343.9135185947591 -2569.303872709589
0.999998557712 -0.001589745207 0.000597732223 0.001591336938 0.999995164093 -0.002671972647 -0.000593481577 0.002672919987 0.999996251632 -917.373772127900 -2994.525374916603 -71.617828693454 -1252.7180277466941 -2633.2130067360645
0.999984444850 -0.005567301402 0.000339429623 0.005567985293 0.999982400807 -0.002048320360 -0.000328020032 0.002050178438 0.999997844583 -388.079926372014 -1391.879524234222 -21.928390913445 -1246.3700188569205 -2608.8064517313146
0.999895009144 0.014462635786 0.000896021706 -0.014463078794 0.999895284180 0.000489925787 -0.000888842261 -0.000502833582 0.999999478559 3317.779998445351 -2703.168247227355 -687.484419633465 -1163.5593657957447 -2636.4406342042553
0.999981173996 -0.006136091475 0.000005960472 0.006136085905 0.999977709081 -0.002632449660 0.000010192613 0.002632436676 0.999996535081 -226.442500144940 -2084.924253778886 23.625757500823 -1451.04501576947 -2651.227711503257
0.999834634084 -0.018185224400 0.000045819496 0.018185225130 0.999834634999 -0.000015571092 -0.000045528755 0.000016401755 0.999999998829 68.469992952384 -10.014130536505 -1.405254149656 -1327.402148654842 -2571.8705786178853
0.999952969458 -0.009697315987 -0.000144685527 0.009696998775 0.999950877341 -0.002052101238 0.000164578293 0.002050601711 0.999997883971 -340.902889605712 -1183.648160555703 -0.408401075636 -1410.2870168986606 -2628.9437523321085
0.999791370699 -0.020419178506 0.000521752612 0.020419727039 0.999790924599 -0.001068567966 -0.000499824247 0.001078999078 0.999999292968 248.413001070544 -552.217300131719 4.507746549096 -1486.7529587241002 -2626.725302145465
0.999957626415 0.006281247955 0.006729881004 -0.006379388231 0.999872157601 0.014661918707 -0.006636925493 -0.014704229952 0.999869859953 -686.213366167507 -12659.673275708030 246.326666866484 -1391.117296344818 -2623.2305297421385
0.999818940080 -0.019021943414 0.000502719373 0.019022859796 0.999817270808 -0.001885682501 -0.000466758165 0.001894904239 0.999998095736 -611.303036550074 -2138.089607225974 -14.587855193473 -1497.571395805929 -2622.4286041940713
0.999959481959 -0.008991867577 0.000425156382 0.008992209732 0.999959241337 -0.000809832223 -0.000417857149 0.000813622506 0.999999581707 114.851211446826 -90.076238508822 -0.819792969641 -1561.0420673554522 -2647.305758731504
0.999821500381 -0.018891853979 -0.000255401535 0.018891907790 0.999821509942 0.000209947378 0.000251389653 -0.000214734925 0.999999945346 -286.409816420173 -185.164555557121 2.992939169419 -1461.1893107466885 -2657.5063414272245
0.999964024466 -0.008470661325 0.000444602313 0.008470979146 0.999963862917 -0.000717893870 -0.000438505211 0.000721634260 0.999999643479 74.914199860081 -209.813667120174 2.846286085403 -1418.6938746960984 -2635.0561253039014
0.999543747721 -0.030203696289 0.000181997544 0.030203748792 0.999543719761 -0.000292993191 -0.000173065025 0.000298356520 0.999999940516 40.518825426058 -280.380776960453 -0.294485412483 -1515.8232652493305 -2592.9267347506693
0.999954897417 -0.009494581304 0.000236766139 0.009494709201 0.999954775692 -0.000545039118 -0.000231580514 0.000547262561 0.999999823437 3.487704017197 -527.112545330635 5.950890744746 -1482.9493206375314 -2567.0506793624686
0.999997211802 0.002102981819 -0.001074176342 -0.002102974160 0.999997788713 0.000008259504 0.001074191336 -0.000006000516 0.999999423038 154.524023628114 -2821.343855919327 -15.414599479655 -1489.6593500997192 -2583.5406499002806
0.999815257733 -0.019209767337 -0.000659729525 0.019209997872 0.999815411477 0.000344897499 0.000652982345 -0.000357507184 0.999999722901 -279.547859617426 -203.641540449815 6.099456682532 -1645.3288062081456 -2760.111193791855
0.999923316799 0.012381852123 0.000224184956 -0.012381782783 0.999923295326 -0.000308090150 -0.000227982487 0.000305290715 0.999999927411 163.517156286445 -269.159960763069 -0.410877250720 -1482.467093025216 -2726.492906974784
0.999998687170 0.001611632922 0.000168216049 -0.001611525774 0.999998499768 -0.000635174818 -0.000169239465 0.000634902899 0.999999784128 -46.879204567303 -1345.700487112753 0.636179845139 -1533.5797740740925 -2713.7245737519943
0.999937282241 -0.011182732403 0.000614882374 0.011183060745 0.999937325476 -0.000533171913 -0.000608881518 0.000540014741 0.999999668824 177.099493700944 -250.369847014962 2.093826947924 -1518.2525701861389 -2720.4140964805283
0.999988975029 -0.003558189901 0.003064164701 0.003574492276 0.999979399413 -0.005331393285 -0.003045131468 0.005342287340 0.999981093391 514.045318122608 -3472.615471457613 43.623670763535 -1573.8906866508378 -2692.8919220448142
0.999981838289 0.005989484827 0.000670196452 -0.005987896985 0.999979318925 -0.002346659710 -0.000684237874 0.002342604024 0.999997022008 -118.052045698575 -1831.726432246238 1.650769048102 -1349.7533707887785 -2652.315594728463
0.999999071127 0.001362987775 -0.000003022917 -0.001362987598 0.999999069462 0.000057791936 0.000003101684 -0.000057787762 0.999999998325 27.728778975109 -11.894159118415 -2.145836342639 -1411.0296971703453 -2687.370302829654
0.999973275128 -0.005978434568 -0.004208010091 0.006003219512 0.999964562273 0.005902165240 0.004172575260 -0.005927269114 0.999973728203 -2958.502139895952 -686.799063276741 -270.129482621017 -1361.1349452273903 -2715.228691136246
0.999398430315 -0.015708634235 0.030919513151 0.016557225223 0.999487878025 -0.027383206057 -0.030473525820 0.027878674493 0.999146707813 2101.021855247515 -3312.900137454541 623.454454004389 -1519.4778172375945 -2695.1888494290724
0.999489606423 0.031944281659 0.000299201897 -0.031944073783 0.999489429562 -0.000675531622 -0.000320628506 0.000665629108 0.999999727068 -234.110355276777 -1582.926242313777 -1.965195662961 -1467.8531346513857 -2732.1468653486145
0.999999653929 -0.000164222167 0.000815581236 0.000164189895 0.999999985735 0.000039636741 -0.000815587733 -0.000039502817 0.999999666628 297.806130830204 -69.369986348164 -3.837037478643 -1388.8116609747578 -2614.5216723585754
0.999960316939 0.008908385053 0.000072273209 -0.008908345396 0.999960178584 -0.000531627321 -0.000077006272 0.000530962389 0.999999856074 9.255305413575 -258.732529229126 0.672544560648 -1560.8603423925156 -2639.1396576074844
0.999997638522 -0.001674481518 0.001385302236 0.001674844953 0.999998563325 -0.000261232236 -0.001384862817 0.000263551786 0.999999006347 3326.982502554592 -9064.953575823834 119.296281041348 -1464.2367271227522 -2600.563272877248
0.999886066295 0.015091626412 -0.000311834260 -0.015091563656 0.999886095337 0.000202629057 0.000314856743 -0.000197899905 0.999999930850 -243.474179997724 -23.845916191121 -6.108550258165 -1401.4174087947588 -2607.81336043601
0.999919716674 0.012671026848 0.000072701639 -0.012670839686 0.999917375442 -0.002166128130 -0.000100142700 0.002165033035 0.999997651299 -561.927582129143 -1391.903458337543 8.236326890694 -1516.6875493397308 -2591.312450660269
0.999860931063 -0.016676885485 -0.000004934736 0.016676884705 0.999860922688 -0.000129605278 0.000007095462 0.000129504957 0.999999991589 24.518017576193 3.222779054651 -0.157606227239 -1512.5189037703344 -2568.3506614470566
0.999939870533 0.010912560337 -0.001082286935 -0.010914886429 0.999938082468 -0.002167137584 0.001058570903 0.002178820314 0.999997066081 -517.972300537058 -1513.758388205641 -15.099110763201 -1410.9578564848339 -2642.6135720865946
0.999906375666 0.013651212404 -0.000940373889 -0.013652287423 0.999906145992 -0.001146409739 0.000924635748 0.001159140662 0.999998900720 -236.559517558262 -1351.978066384777 -17.666550163318 -1252.7110730858544 -2747.2889269141456
0.999958760069 0.009022842594 -0.001032701242 -0.009024418873 0.999958105510 -0.001532020962 0.001018834794 0.001541277310 0.999998293219 70.178203452190 -1892.928485866024 -8.538271796260 -1200.6443200674066 -2799.3556799325934
0.999982861378 0.005771571347 0.000982809148 -0.005771927673 0.999983277446 0.000360109338 -0.000980714316 -0.000365775870 0.999999452204 295.740087933940 -38.142155785349 0.505973243993 -1193.6075384365768 -2806.3924615634232
0.999997304115 -0.002300255549 0.000317155450 0.002300445269 0.999997174494 -0.000599128971 -0.000315776404 0.000599856955 0.999999770228 980.067639757284 -1726.663200166853 -25.343767492897 -1353.587893804116 -2694.412106195884
0.999845107631 0.017598682298 0.000217088326 -0.017598783668 0.999845016949 0.000474232016 -0.000208708823 -0.000477979051 0.999999863988 83.490279294562 -11.727395547022 -10.366919954961 -1427.0591849914867 -2650.527021905065
0.999973025684 -0.002205382169 -0.007006011254 0.002172428709 0.999986558821 -0.004707730967 0.007016299430 0.004692383920 0.999964375903 -1908.421869504132 -4117.711242090262 -51.339951238891 -1516.6767407518003 -2683.3232592482
0.999956788989 -0.007826204451 0.005017038915 0.007944061370 0.999682350099 -0.023918419479 -0.004828254812 0.023957241605 0.999701324662 4530.186755434248 -3391.475183059756 403.137338896289 -1381.866227168594 -2818.133772831406
0.999939201106 -0.010996595128 -0.000817916809 0.011009154286 0.999788291740 0.017383044095 0.000626589351 -0.017390991797 0.999848568929 -4185.917851379554 -1272.859306250657 -426.025960904844 -1246.7912211357489 -2753.208778864251
0.999934761043 0.011000723943 -0.003075342401 -0.011007656510 0.999936890425 -0.002246478344 0.003050435429 0.002280184098 0.999992747776 60.281710627797 -1830.285095834238 -56.819313141670 -1452.677267655379 -2947.322732344621
0.999974338423 0.007154857072 0.000361268463 -0.007154128610 0.999972450696 -0.001978962759 -0.000375417706 0.001976327415 0.999997976594 118.826677332305 -3153.521344276913 37.699576849264 -1472.5384768850233 -2781.4615231149764
0.999948841693 0.010010612793 -0.001449699071 -0.010012205243 0.999949276625 -0.001095409681 0.001438659815 0.001109868326 0.999998349224 30.226206748706 -1664.083190708894 -19.448127563017 -1429.4817571418141 -2770.5182428581857
0.999991168860 0.001390321365 -0.003966006685 -0.001401074304 0.999995347011 -0.002709787471 0.003962220756 0.002715320210 0.999988463855 -326.932602266629 -1961.316843314699 -45.719434046424 -1340.739473850154 -2698.0840555616105
0.999685307361 -0.025056783407 0.001201604237 0.025056964342 0.999686015761 -0.000135758664 -0.001197825277 0.000165824496 0.999999268858 239.272615576041 8.779270805258 4.099772822486 -1301.5230688525426 -2698.4769311474574
0.999990384273 0.004332617512 0.000678075880 -0.004332777554 0.999990585925 0.000234733399 -0.000677052486 -0.000237669094 0.999999742557 248.174381816981 -42.281986496242 -3.480984930604 -1392.6300128791513 -2669.3054709918165
0.999998818404 0.001038630227 0.001133330047 -0.001038352082 0.999999430658 -0.000245983523 -0.001133584887 0.000244806436 0.999999327527 310.873259713040 -161.546947603800 -5.174847520036 -1384.2498468942085 -2646.9501531057913
0.999433593630 0.033650137637 -0.000400200418 -0.033650247358 0.999433633411 -0.000270664227 0.000390865870 0.000283977764 0.999999883290 -108.191749262933 -51.882615399635 -1.808472643159 -1515.7985072328913 -2684.201492767109
0.999989168181 0.003414113690 -0.003163439350 -0.003420180728 0.999992318611 -0.001914440548 0.003156878933 0.001925239346 0.999993163761 -5654.126909938282 -6785.971410586164 -40.655275822152 -1431.2769366972211 -2636.223063302779
0.999976442913 0.006856086492 -0.000328170930 -0.006856079607 0.999976496566 0.000022101271 0.000328314745 -0.000019850784 0.999999945908 -144.238636567881 28.111067910605 2.453929404581 -1316.7348414059734 -2683.2651585940266
0.999847961956 0.017361090198 0.001626505625 -0.017361374973 0.999849266988 0.000161127212 -0.001623463113 -0.000189341089 0.999998664258 873.309190242785 30.013165452584 -29.734593832695 -1368.9785966084219 -2676.5386447708884
0.999958388912 -0.009091930702 -0.000746484872 0.009090745258 0.999957435815 -0.001576359519 0.000760785250 0.001569507821 0.999998478924 -216.850753265139 -1894.904710674628 -31.764035047824 -1445.3216872420544 -2636.900534980168
0.999982174325 -0.005937932081 -0.000626095572 0.005937571784 0.999982206711 -0.000575762905 0.000629503273 0.000572035154 0.999999638251 -301.026817408755 -1842.207947910075 -3.467600454983 -1525.7528572565466 -2727.5804760767865
0.999913921109 0.013119650903 0.000158529811 -0.013117804464 0.999877031372 -0.008593331210 -0.000271251822 0.008590511943 0.999963064081 1.954214701845 -6009.422944118523 14.117929750528 -1345.5739965521693 -2713.3545748764022
0.999822248964 0.018841261425 0.000690901134 -0.018841147717 0.999822475246 -0.000170721582 -0.000693995092 0.000157673866 0.999999746755 62.640354275259 34.619173049076 7.245483654013 -1278.6965256539486 -2721.303474346051
0.999934834296 -0.010774776418 -0.003772446743 0.010767196798 0.999939984087 -0.002023783076 0.003794026147 0.001983032519 0.999990836432 -4598.927114397427 -6805.909568813717 15.186565104277 -1366.7425286293092 -2700.498850681036
0.999813954823 -0.019227901710 0.001530861315 0.019227786917 0.999815124995 0.000089669196 -0.001532302447 -0.000060217438 0.999998824211 181.053356025502 -108.060110273416 -20.688128724328 -1139.5958424657028 -2660.404157534297
0.999983378862 0.005746653368 0.000466877017 -0.005747064729 0.999983094240 0.000884579369 -0.000461785753 -0.000887247838 0.999999499772 -46.101592372030 91.617780996324 13.460936143336 -1249.2732110372235 -2750.7267889627765
0.999808922027 -0.019537917922 0.000623857207 0.019538036369 0.999809097356 -0.000184334862 -0.000620136591 0.000196488585 0.999999788411 -3311.603912717801 -6228.315988130610 -34.770455767618 -1282.7564109384955 -2560.79914461706
0.999994647975 0.002596182463 -0.001990943815 -0.002596985052 0.999996547572 -0.000400640378 0.001989896806 0.000405808685 0.999997937813 -20.294683916124 -1608.493211282677 46.425198648163 -1185.7901211643843 -2640.512909138646
0.999986224391 -0.004521717600 -0.002665538834 0.004506635345 0.999973954938 -0.005637347164 0.002690959902 0.005625256894 0.999980557421 -433.764620084936 -2392.329752522851 -27.498251577397 -1372.9968093195862 -2681.447635124858
0.999925444137 -0.001224045528 0.012149398377 0.001097183552 0.999944868341 0.010443010419 -0.012161511281 -0.010428901711 0.999871659591 -7564.746012701002 -7633.736003141248 2.740587231108 -1213.7291627915943 -2600.7893557269244
0.999991003208 -0.003704463055 -0.002066508218 0.003705410701 0.999993031459 0.000454933880 0.002064808531 -0.000462587048 0.999997761287 -394.933695749334 -2873.956735200610 57.691510239178 -1379.526355215979 -2684.759359069735
0.999959197197 -0.008630171737 0.002669096728 0.008636562786 0.999959842591 -0.002392276712 -0.002648343785 0.002415230922 0.999993576447 -1266.191963602510 -4749.490793918520 -100.955203329039 -1254.9774522060134 -2593.484086255525
0.999955470690 0.009436538627 -0.000091519867 -0.009436845413 0.999946186731 -0.004309244890 0.000050850586 0.004309916661 0.999990710973 3999.006282394976 -1485.612875012026 -157.373552124731 -1178.9951242421528 -2621.004875757847
0.999903805447 -0.013865121191 -0.000371843186 0.013863077530 0.999891262263 -0.005027795823 0.000441513751 0.005022157285 0.999987291420 -20.666084438097 -2419.227521475497 -23.987004436111 -1414.7494812452464 -2669.893375897611
0.999992083181 -0.003979139552 -0.000004959570 0.003979139172 0.999992080428 -0.000074378161 0.000005255492 0.000074357837 0.999999997222 -6.491231288555 -24.685302721676 3.846480974918 -1363.6552973599285 -2654.965392295244
0.999943024963 0.010648085541 0.000751732121 -0.010647892147 0.999943275579 -0.000260799740 -0.000754466497 0.000252780519 0.999999683441 179.899433869951 -4.080697559736 -4.197755861053 -1204.4411529499912 -2667.9726401534567
0.999733779077 0.023060492542 -0.000764628152 -0.023060413132 0.999734066984 0.000112509725 0.000767019342 -0.000094847131 0.999999701343 -190.583128525011 -10.498940821717 -0.418121303438 -1530.3717926063564 -2773.92450368994
0.999999526136 0.000958911817 0.000167976385 -0.000957842859 0.999979995788 -0.006252244453 -0.000173968375 0.006252080596 0.999980440420 -389.786096206492 -6431.263373907565 46.769041256380 -1499.8518842127946 -2787.851819490909
0.999891068479 -0.014690493852 -0.001428483833 0.014687691957 0.999890223612 -0.001952544386 0.001457010861 0.001931350562 0.999997073498 -547.201379810357 -2000.336424981377 -47.258402612638 -1357.9067399157182 -2708.3001566360062
0.999962011901 -0.008615931105 -0.001319274639 0.008612981611 0.999960431538 -0.002225287974 0.001338395365 0.002213840551 0.999996653798 -742.217038025081 -2155.557828781634 -44.392682249286 -1319.7009391282686 -2775.656203728874
0.999832437009 -0.018304544984 0.000203808164 0.018304590776 0.999832431596 -0.000225133514 -0.000199653046 0.000228826415 0.999999953889 276.487399718561 -392.420397558906 -2.674864462377 -1248.564896814437 -2760.5260122764726
0.999957695857 -0.009105758900 0.001300634803 0.009112964834 0.999942535356 -0.005646225138 -0.001249146898 0.005657838919 0.999983214105 -270.119213232497 -4752.367249080550 40.563191057552 -1529.004139357548 -2943.529193975785
0.999839388586 -0.017921649579 -0.000107277754 0.017921554973 0.999839054857 -0.000825984444 0.000122063492 0.000823929197 0.999999653121 -16.003335950900 -1759.749131804483 -16.999454476105 -1377.5648529849636 -2848.4351470150364
0.999945062505 -0.010472564951 0.000444245796 0.010472663965 0.999945135697 -0.000221144825 -0.000441905470 0.000225785113 0.999999876870 255.870618170413 -95.447429778976 -4.945476342857 -1550.0442979400614 -3087.1970813702837
0.999997602121 -0.001824385613 -0.001211350182 0.001822280983 0.999996832340 -0.001736261049 0.001214513955 0.001734049465 0.999997759012 -550.080025928619 -2178.073290352941 -0.247408215557 -1607.1801277292286 -2893.560613011512
0.999999827976 -0.000572561055 -0.000127365100 0.000572436454 0.999999359685 -0.000976189902 0.000127923946 0.000976116826 0.999999515416 23.714995298362 -1716.202714471911 -1.120879571356 -1581.1011153368843 -3034.1716119358434
0.999998044165 -0.001976628260 0.000067868218 0.001976612109 0.999998018366 0.000237210674 -0.000068336961 -0.000237076061 0.999999969563 87.225104887466 180.172424384505 -3.069719064369 -1570.9450677778418 -2929.747239914466
0.999990029145 0.003768887139 -0.002395224442 -0.003772693723 0.999991624528 -0.001586712611 0.002389224240 0.001595733238 0.999995872613 -1643.882386785605 -1954.701152141533 42.209681561295 -1517.2647368585176 -2789.812186218406
0.999921448989 -0.012533489333 -0.000086588597 0.012533459493 0.999921396330 -0.000336978071 0.000090805302 0.000335866346 0.999999939474 -12.034743023988 -263.680405953449 -3.819136948928 -1373.8590127524546 -2826.140987247545
0.999994546652 -0.003295593855 -0.000213838134 0.003295443768 0.999994326079 -0.000698469656 0.000216138793 0.000697761155 0.999999733207 -16.688086747106 -2212.484903429402 10.184518597603 -1568.1799187115623 -3031.820081288438
0.999990109846 -0.004444147206 -0.000172527718 0.004443976878 0.999989649791 -0.000975387444 0.000176860698 0.000974611088 0.999999509427 23.460540609613 -2129.395269466237 -1.070017010612 -1427.4061397158414 -2972.593860284159
0.999991240527 0.004138824659 -0.000623699193 -0.004139666099 0.999990514996 -0.001353913738 0.000618089665 0.001356483785 0.999998888958 -93.571909080939 -1998.670757832002 -8.043412015719 -1308.9516731279048 -2891.0483268720955
0.999994028202 -0.003414936554 -0.000530817981 0.003414261218 0.999993367479 -0.001267998009 0.000535144593 0.001266178085 0.999999055206 -184.149222671582 -2215.350562067094 -7.372759583248 -1279.0981229576305 -2920.9018770423695
0.999992438479 0.003886110522 -0.000145362634 -0.003886117252 0.999992447958 -0.000046046349 0.000145182595 0.000046610897 0.999999988375 -7.675601662488 -140.321744559370 -12.825194562763 -1333.8055304991044 -2866.1944695008956
0.999950045887 0.009964967048 -0.000777921218 -0.009968208716 0.999941153064 -0.004280797038 0.000735217439 0.004288337676 0.999990534763 -238.194878796243 -4917.635793011244 6.150102465294 -1571.5850479992457 -3028.414952000754
0.999158281333 -0.027073632479 -0.030817969880 0.026943956050 0.999626290718 -0.004615423802 0.030931409206 0.003781180887 0.999514357373 -1916.391540093565 4857.797645580391 -679.896124971731 -1146.2098183272637 -2853.7901816727363
0.999931819056 0.004907180277 0.010596075782 -0.004874622299 0.999983325388 -0.003096288626 -0.010611093143 0.003044425650 0.999939066231 8008.769373959375 1749.078527958040 55.509653619166 -1487.5526683946998 -3112.4473316053
0.999687832504 -0.024022096688 0.006868508884 0.024011056309 0.999710272379 0.001685371086 -0.006907005034 -0.001519924815 0.999974991242 4853.858622075771 -1809.687430030208 -259.298957546282 -1461.7293854291622 -2938.270614570838
0.999981873009 0.005943567424 0.000963150425 -0.005945876783 0.999979412123 0.002412856925 -0.000948789618 -0.002418539961 0.999996625226 144.243058962117 1730.325351428212 4.629974010724 -1164.3248072733804 -2835.6751927266196
0.999879372237 0.015525072633 -0.000461622229 -0.015525545620 0.999878931288 -0.001039326653 0.000445430719 0.001046368218 0.999999353352 -320.703973310644 -2154.794904756911 40.914576150020 -1648.754411608549 -3351.245588391451
0.999992889453 0.003768121818 -0.000149338710 -0.003768776895 0.999982038953 -0.004660267460 0.000131775573 0.004660797147 0.999989129744 296.052608095434 -4263.468791339964 -16.764797793661 -1333.286364020243 -2866.713635979757
0.999999842900 0.000083233203 -0.000554322079 -0.000084288696 0.999998183143 -0.001904364911 0.000554162565 0.001904411335 0.999998033059 -193.807649300778 -2113.532431128267 -4.471639852736 -1290.3432608882001 -2909.6567391117997
0.999955768286 0.009400941489 -0.000289432036 -0.009401092909 0.999955670234 -0.000526325465 0.000284471251 0.000529023162 0.999999819605 -121.705881018945 -182.986739273214 -0.417279218787 -1163.9635488618721 -2836.0364511381276
0.999995909130 0.002724325233 -0.000871650890 -0.002726924402 0.999991797705 -0.002994729692 0.000863485123 0.002997094367 0.999995135898 -64.391057393221 -2027.229321190287 -27.630151868939 -1201.7438798282217 -2798.256120171778
0.999966083213 -0.008216971343 -0.000560183786 0.008214996259 0.999960334729 -0.003441337747 0.000588438940 0.003436619120 0.999993921676 -93.287498673471 -2206.648505715013 -10.084336525149 -1183.06184956195 -2816.93815043805
0.999833846595 0.018228514578 -0.000021443616 -0.018228513854 0.999833846278 0.000033456611 0.000022049918 -0.000033060167 0.999999999210 -59.485864192417 0.583933582678 -0.957403087112 -1175.6988791069964 -2824.301120893004
0.999636881994 0.026944087987 -0.000346814981 -0.026944119787 0.999636937482 -0.000087349205 0.000344335521 0.000096662112 0.999999936045 123.364817930856 -296.168801618227 17.358296138160 -1566.2023474896896 -3233.7976525103104
0.999999979769 -0.000062228967 0.000191282365 0.000062334739 0.999999845148 -0.000553008328 -0.000191247922 0.000553020240 0.999999828796 87.431911387842 -396.375673340978 1.171552868233 -1289.4242132614474 -2910.575786738553
0.999744117590 -0.022524809261 0.002081420489 0.022517054179 0.999739696849 0.003677066198 -0.002163703904 -0.003629257844 0.999991073397 341.293399662293 1949.637999868098 28.423066116300 -1331.3955506342854 -2868.6044493657146
0.996765487936 -0.073317332398 0.032910953029 0.072722433253 0.997172656208 0.018924624506 -0.034205405435 -0.016470047995 0.999279104034 1684.905942199350 -4160.735581880829 937.332402128005 -1691.112223213913 -3308.8877767860868
0.999995172950 0.003054562796 0.000568966670 -0.003054976875 0.999995068311 0.000728333280 -0.000566739125 -0.000730067944 0.999999572904 824.303995090284 1375.377018619556 -4.893416378575 -1315.663430278501 -2884.336569721499
0.999980063831 -0.006304464867 -0.000354490592 0.006304464776 0.999980126664 -0.000001372724 0.000354492202 -0.000000862177 0.999999937167 -209.159264164327 33.805471132777 2.574730657178 -1264.8279107323158 -2935.172089267684
0.999978995824 0.005904962473 0.002671952403 -0.005912487641 0.999978552493 0.002817276069 -0.002655259187 -0.002833014780 0.999992461785 448.870691652003 1875.455320407118 35.670377751557 -1312.601115665142 -2887.398884334858
0.998838719779 -0.046274037891 0.013413623225 0.046421532214 0.998862455505 -0.010901207698 -0.012893921734 0.011511229283 0.999850608032 5171.857838707090 -9084.618431637027 1025.604816238446 -1611.633903830367 -3388.3660961696332
0.999910719882 0.013324361384 0.001006806071 -0.013323457071 0.999910834102 -0.000899631156 -0.001018703309 0.000886136699 0.999999088502 389.650093860901 -114.286314253023 -10.810235943641 -1076.5897856953334 -2923.4102143046666
0.999986105777 -0.005270648366 -0.000092297937 0.005270558051 0.999985656544 -0.000952850878 0.000097318755 0.000952351177 0.999999541778 -201.749987747064 -1357.735658306251 2.639511104048 -1219.1226557144528 -2980.877344285547
0.999998618732 -0.001623190875 0.000357471076 0.001624217581 0.999994502512 -0.002890823831 -0.000352776752 0.002891400449 0.999995757667 -14.147912970921 -2120.556232056848 0.445048623180 -1123.201206590147 -2876.798793409853
0.999942866211 0.010683145750 0.000367029396 -0.010682382099 0.999940895076 -0.002023133062 -0.000388621128 0.002019096725 0.999997886109 69.203479126905 -2171.463184251222 -1.405482939626 -1107.0424772230929 -2892.9575227769074
0.999999765225 -0.000492569841 -0.000476366814 0.000490261230 0.999988194411 -0.004834323320 0.000478742432 0.004834088641 0.999988201127 -264.203360495830 -3434.199022300850 -10.245925445537 -1127.5131365597188 -2872.486863440281
0.999801613694 -0.019655004230 -0.003227082873 0.019699179579 0.999703953278 0.014281040704 0.002945433591 -0.014341778426 0.999892813162 -684.209242367625 -4664.690537823183 -294.572459980701 -1024.699382478093 -2975.300617521907
0.999985585367 -0.005256964478 -0.001092420766 0.005260054484 0.999982118087 0.002845229875 0.001077443959 -0.002850935055 0.999995355631 -420.575159716001 1738.993829645917 0.827561919300 -1542.1797003595839 -3257.820299640416
0.999999892654 0.000047785181 0.000460877136 -0.000047175495 0.999999123983 -0.001322803022 -0.000460939942 0.001322781138 0.999999018892 139.774611905735 -2029.639790825495 -13.270597103647 -1147.6291915627885 -2852.3708084372115
0.999890214397 -0.014815508039 0.000244692281 0.014815539664 0.999890235684 -0.000127941836 -0.000242769900 0.000131553038 0.999999961878 98.178525101766 -74.684729588843 -3.957387806319 -1147.1154866556967 -2852.8845133443033
0.999991202550 -0.003724709476 -0.001929082985 0.003721432496 0.999991631222 -0.001699537032 0.001935397122 0.001692343129 0.999996695101 -833.677192031845 -3343.608223545592 -24.024716394748 -1124.680963870703 -2875.3190361292973
0.999994023456 0.003357314476 0.000825525091 -0.003356490478 0.999993869445 -0.000997518775 -0.000828869014 0.000994741946 0.999999161732 -17.563633559849 -1601.605569170128 3.150357552298 -1043.0500733997192 -2956.949926600281
0.999869169770 -0.016170349510 0.000403906307 0.016170243080 0.999869217851 0.000265391381 -0.000408144955 -0.000258825397 0.999999883214 214.819209995398 35.824797767794 -6.462538151831 -1514.648993206854 -3285.351006793146
0.999993976738 -0.001987471648 -0.002845425124 0.001976062671 0.999990020322 -0.004006798346 0.002853360125 0.004001151473 0.999987924489 -1267.821714107167 -4790.783350534107 -41.181007070088 -1585.7099680855656 -3214.2900319144346
0.999949676050 0.008422598166 0.005450248344 -0.008408755736 0.999961374675 -0.002557730438 -0.005471580563 0.002511771916 0.999981876240 2912.031966813518 -1067.075581797213 -4.989441234416 -1083.5168159943012 -2916.4831840056986
0.999999779991 0.000655339622 -0.000102701731 -0.000655324276 0.999999774117 0.000149387571 0.000102799608 -0.000149320235 0.999999983568 -35.751090726454 13.786433042672 1.632235450200 -1196.6932887179423 -2803.3067112820577
0.999999739652 0.000711267477 0.000121628882 -0.000711262627 0.999999746256 -0.000039909671 -0.000121657238 0.000039823151 0.999999991807 40.321668832468 -5.437273073543 0.319810007723 -1247.8972126454685 -2752.1027873545318
0.999993875940 -0.003321700335 0.001101993425 0.003324020819 0.999992248077 -0.002110609102 -0.001094974071 0.002114259226 0.999997165466 477.954829781940 -1842.228683572918 -29.954370564542 -1293.1436525920403 -2706.8563474079597
0.999992152852 -0.003451027296 0.001945416593 0.003455674675 0.999991171614 -0.002390608186 -0.001937149364 0.002397312153 0.999995250162 745.010804537046 -1653.821062574304 -3.394791969433 -1274.0401000695188 -2725.9598999304812
0.999848918052 -0.017376028184 0.000463374223 0.017376805287 0.999847516345 -0.001729363008 -0.000433254106 0.001737153696 0.999998397293 -92.394173957065 -1307.530290779784 -43.771260762997 -1326.55023109532 -2673.4497689046802
0.999980408487 0.006120608472 0.001311790584 -0.006118960963 0.999980489850 -0.001256278801 -0.001319454181 0.001248227394 0.999998350483 419.055890476599 -358.729447119739 -7.266461109963 -1290.8437238111749 -2709.1562761888254
0.999999879526 -0.000484637709 0.000077941613 0.000484650329 0.999999869437 -0.000161985287 -0.000077863098 0.000162023042 0.999999983843 21.125068824157 -29.544950579245 -6.044489482102 -1171.643221649075 -2628.356778350925
0.999999993456 -0.000013759615 0.000113572445 0.000013766671 0.999999997975 -0.000062125450 -0.000113571590 0.000062127013 0.999999991621 29.073540743405 20.655609807926 2.857548341371 -1317.2959416599788 -2682.704058340021
0.999999938416 -0.000256953359 -0.000239045290 0.000256950864 0.999999966933 -0.000010467680 0.000239047972 0.000010406256 0.999999971374 -41.232114081061 -72.485043477397 -8.672435688596 -1343.1636772121806 -2656.8363227878194
0.999875960166 -0.015742779437 -0.000478726011 0.015742952214 0.999876007489 0.000359309037 0.000473010130 -0.000366801029 0.999999820859 -163.025517663581 -19.649506577325 -1.631869811081 -1295.905920345447 -2704.094079654553
0.999250863141 0.038605623628 0.002705242274 -0.038606856226 0.999254395397 0.000404884114 -0.002687594429 -0.000509021700 0.999996258860 180.387516595139 -23.693255618259 -8.692319302667 -1251.0377884527666 -2581.0798586060573
0.999864035329 -0.016475461355 0.000685586308 0.016477393674 0.999859988272 -0.002915364426 -0.000637458344 0.002926264715 0.999995515301 -129.539018690084 -1915.631471380914 -51.696090152605 -1124.899827186685 -2675.100172813315
0.999793218262 -0.020324763527 0.000651694355 0.020324999715 0.999793361809 -0.000357869040 -0.000644286086 0.000371040726 0.999999723612 160.200314672798 -28.262326503986 -11.681352937937 -933.9856372466188 -2666.014362753381
0.999977695162 -0.006658159832 -0.000527338570 0.006657019343 0.999975561070 -0.002135733027 0.000541545734 0.002132174887 0.999997580276 -116.761068108094 -2499.939700551769 4.189561737861 -1032.7990214151137 -2767.2009785848863
0.999953641740 -0.009105718400 -0.003130537320 0.009106752405 0.999958482677 0.000316200527 0.003127528116 -0.000344694897 0.999995049864 -3064.609131802483 -44.681138144355 26.137809537579 -876.5530589408347 -2723.4469410591655
0.999931155597 0.010822014593 -0.004535203019 -0.010833927415 0.999937903826 -0.002610461568 0.004506670947 0.002659415913 0.999986308618 -5278.180664490449 -2770.189153772913 7.552892903638 -846.3307348446579 -2753.669265155342
0.999974003678 -0.006957601488 -0.001893079336 0.006955568281 0.999975228154 -0.001078493241 0.001900536168 0.001065297761 0.999997626549 -3400.091073927457 -1849.640761537672 -8.685287969947 -1035.8556622670426 -2764.1443377329574
0.999966661682 -0.006730736172 -0.004623063472 0.006742210396 0.999974218373 0.002470867827 0.004606313523 -0.002501955119 0.999986260954 -2035.283358622271 479.949128750654 73.651736360822 -1017.1062552897343 -2782.8937447102658
0.999982823852 -0.003957669347 -0.004323060744 0.003961339622 0.999991800416 0.000840766707 0.004319697820 -0.000857877377 0.999990302082 -6241.905303984033 -337.230520449984 -19.239958741565 -1050.5668565914652 -2749.4331434085348
0.999982742946 -0.005819436518 -0.000804964816 0.005818271211 0.999982033305 -0.001442493166 0.000813344851 0.001437784769 0.999998635622 -1297.022793493077 -1792.936901197810 4.605101228248 -1366.8675462789079 -2648.132453721092
0.999996181198 -0.002560018331 -0.001041103003 0.002558626420 0.999995834126 -0.001336099399 0.001044519105 0.001333430503 0.999998565470 -1921.755510386731 -2604.685633145092 -6.140476946603 -1367.1667376017624 -2661.9509094570612
0.999860399225 -0.005341391620 -0.015831980193 0.005189326375 0.999940160289 -0.009630510500 0.015882473139 0.009547008761 0.999828286093 2555.692578270241 2139.233278737526 -320.141371871093 -1350.1220432261257 -2699.2897214797567
0.999917561583 -0.012360706763 -0.003476056126 0.012356947879 0.999923044110 -0.001100771132 0.003489394932 0.001057726942 0.999993352646 -1130.535996064649 -1254.916992491923 10.722266290187 -1601.022970320126 -2672.5770296798746
0.999763022260 -0.021720915435 -0.001449535966 0.021720530258 0.999764041980 -0.000280941741 0.001455296248 0.000249390474 0.999998909958 -579.390829955543 -984.822475632793 17.067512140630 -1775.4971642892058 -2747.1984878847074
0.999814507357 -0.019075496310 -0.002660135188 0.019075038269 0.999818035408 -0.000197454619 0.002663417683 0.000146675812 0.999996442340 -1472.454900101061 -2261.117467680932 54.838627606750 -1579.7562855124131 -2551.1528053966776
0.999673074399 -0.025536343115 -0.001280430340 0.025536273579 0.999673893699 -0.000070628815 0.001281816386 0.000037908305 0.999999177755 -386.099516547905 -51.005068256889 -2.264743140176 -1548.6606752620125 -2657.2652506639124
0.999995580811 0.002935793755 -0.000468480792 -0.002935821103 0.999995688803 -0.000057697683 0.000468309384 0.000059072804 0.999999888598 -210.718829627904 -203.106121337342 5.162600394443 -1494.9695707218934 -2797.9336550845583
0.999902704693 0.013938446197 0.000548511236 -0.013938530866 0.999902842582 0.000150842680 -0.000546355431 -0.000158473445 0.999999838191 411.462478777737 -287.964223091084 -4.955450745211 -1451.555930070053 -2808.565282051159
0.999894415357 -0.014220525303 -0.002989113365 0.014215869785 0.999897712110 -0.001573010734 0.003011176653 0.001530351802 0.999994295403 -1212.656414210685 -2865.689220403455 19.002857021434 -1476.829785209119 -2760.170214790881
0.999989726675 -0.003037595781 0.003364454689 0.003015711966 0.999974389102 0.006490502424 -0.003384084045 -0.006480289519 0.999973276554 3134.612298731775 1439.905076744418 260.774849170932 -1413.7846452595618 -2786.215354740438
0.999999221321 -0.001236281862 0.000170187643 0.001236281043 0.999999235792 0.000004916166 -0.000170193591 -0.000004705762 0.999999985506 374.727102834579 -423.079312996979 -5.318234475273 -1405.072268869329 -2688.0311794065333
0.999990170845 -0.004414674178 -0.000410932402 0.004414560670 0.999990217492 -0.000276719707 0.000412150010 0.000274902901 0.999999877280 41.460579191362 -1174.271559265617 0.876116308836 -1457.6431254956697 -2753.3913572629517
0.999998053679 -0.001891586777 -0.000560836360 0.001891413640 0.999998163510 -0.000309082253 0.000561419986 0.000308020878 0.999999794965 -124.092638888826 -1314.842261140323 4.332903657292 -1429.3389055377988 -2770.661094462201
0.999997587177 -0.002115662392 -0.000591281293 0.002115444589 0.999997694460 -0.000368739590 0.000592060058 0.000367487878 0.999999757209 -34.396855216703 -1388.284834007327 -2.436542306018 -1433.7879578392385 -2794.9016973331745
0.999997947093 0.001942877681 -0.000575357740 -0.001943038893 0.999998073163 -0.000279768106 0.000574813076 0.000280885474 0.999999795347 -243.028391264931 -1501.297173288575 6.462043138165 -1320.2157593922564 -2737.9660587895614
0.999996669530 0.002579801793 0.000074510952 -0.002579797395 0.999996670573 -0.000059069625 -0.000074663092 0.000058877206 0.999999995479 257.144629187146 -619.154449959509 -3.714822332593 -1281.0786020834882 -2718.9213979165115
0.999844272577 0.017646341985 0.000192900010 -0.017646338683 0.999844291066 -0.000018802381 -0.000193201766 0.000015395474 0.999999981218 111.439695895806 -16.238011860519 -1.202630861166 -1273.8484531262661 -2726.151546873734
0.999915460182 0.012999641660 0.000286016750 -0.012999613845 0.999915496559 -0.000098894325 -0.000287278171 0.000095167857 0.999999954207 462.579770196722 -311.578073946344 -12.938684984179 -1250.2139028959205 -2749.7860971040795
0.999343515220 -0.034030920757 0.012427188765 0.033974887540 0.999411670202 0.004692598569 -0.012579570930 -0.004267305609 0.999911768357 -497.449900876285 -4733.417473992879 398.746186906912 -1645.1518229779101 -3036.7792115048487
0.999989928318 0.004484487459 0.000180650081 -0.004482503960 0.999942024833 -0.009790512302 -0.000224545038 0.009789603931 0.999952055468 2693.323308326013 -170.064795528307 172.991633404986 -1270.7176503864641 -2929.282349613536
0.998291537581 -0.056696923873 0.014123201396 0.056506191914 0.998310204919 0.013556733739 -0.014867961181 -0.012735524240 0.999808356713 1515.361057616772 -2400.097256775752 503.958170808616 -1321.3872109518825 -2878.6127890481175
0.999998700105 0.001365098054 -0.000858077276 -0.001365189388 0.999999062525 -0.000105863036 0.000857931958 0.000107034336 0.999999626248 -243.988271301917 -36.688510068303 -6.405403636070 -1092.3381902185708 -3107.661809781429
0.999899144075 0.014185770502 0.000682343928 -0.014185797975 0.999899375877 0.000035439890 -0.000681772526 -0.000045115909 0.999999766575 492.021789552755 -410.064758565756 -0.145928295272 -1104.3142419291548 -2895.685758070845
0.999983065255 -0.005801716725 -0.000457477834 0.005801471204 0.999983027569 -0.000536196078 0.000460580927 0.000533532953 0.999999751604 -251.529221826948 -1655.152024592350 -5.056553461907 -1068.4425960467656 -2931.5574039532344
0.999976731513 0.006620461920 0.001644967228 -0.006621156396 0.999977992917 0.000417095661 -0.001642169661 -0.000427977541 0.999998560056 772.453007724257 -357.880360597358 -4.550432176800 -1173.8167007194916 -3026.1832992805084
0.999979222505 -0.006415701545 -0.000627161735 0.006415454357 0.999979342605 -0.000395358140 0.000629685279 0.000391326397 0.999999725180 -207.668651150825 -1705.908771996214 -5.959298563599 -1214.9089745224207 -2985.091025477579
0.999977409387 -0.006698542910 0.000556989898 0.006698427007 0.999977543300 0.000209692503 -0.000558382024 -0.000205956810 0.999999822896 300.995774494834 -911.146271850805 8.663578830568 -1153.3641222589024 -3046.635877741098
0.999939684261 -0.004953315338 -0.009802678600 0.004938614293 0.999986644680 -0.001523335450 0.009810093243 0.001474831920 0.999950792260 -2432.192088126804 -1956.065911017950 -164.383263186347 -1057.178338356336 -2942.821661643664
0.999987546499 -0.004926343947 0.000798737880 0.004925890041 0.999987705703 0.000569253299 -0.000801532397 -0.000565311715 0.999999518984 675.060948001508 -437.443371211166 11.508385401628 -917.123679363589 -3082.876320636411
0.999992030067 0.003677753369 0.001553683499 -0.003679299934 0.999992737594 0.000993735747 -0.001550017501 -0.000999444295 0.999998299277 802.849041314651 -330.003402998775 2.070953436122 -974.4192800167077 -3025.5807199832925
0.999973879106 -0.002197889302 0.006885520150 0.002188684563 0.999996701555 0.001344075717 -0.006888451568 -0.001328970377 0.999975391234 1329.407733790844 1454.210444273530 114.935113747983 -983.2089533067656 -3016.7910466932344
0.999998526258 -0.001505244813 -0.000825663520 0.001504378879 0.999998318855 -0.001048394601 0.000827240223 0.001047150945 0.999999109574 844.295695475131 -514.702553251224 -23.814900734974 -961.8803216266751 -2838.119678373325
0.999992186080 0.003709508694 0.001366500724 -0.003712298567 0.999991018835 0.002044771202 -0.001358903355 -0.002049828083 0.999996975789 618.534884412133 -702.584568648571 5.971908330251 -1151.7726022761499 -3048.22739772385
0.999993393374 0.003510047101 0.000944869068 -0.003511294641 0.999992961636 0.001321926121 -0.000940222395 -0.001325235101 0.999998679866 695.274844119532 -683.013548018858 0.314405223741 -1154.4364838005683 -3045.5635161994314
0.999996234225 -0.002497228680 -0.001138149960 0.002496104297 0.999996396400 -0.000988256124 0.001140613760 0.000985411462 0.999998863982 -1073.959906401593 -2494.950569617579 -8.374579717993 -1197.1064242295934 -3023.599458123348
0.999992390824 -0.003842371372 -0.000674148264 0.003841919116 0.999992394764 -0.000670873373 0.000676720881 0.000668278245 0.999999547726 32.406565242374 -1340.610529780116 -19.955233233062 -1142.2218924750962 -3057.778107524904
0.999997348746 -0.002199369243 -0.000682110633 0.002198896067 0.999997341835 -0.000693670061 0.000683634456 0.000692168332 0.999999526773 -35.034998135889 -1595.611315292766 -18.609563842304 -1116.705378725242 -3083.294621274758
0.999999793568 -0.000408614676 -0.000495880640 0.000408385022 0.999999809362 -0.000463137881 0.000496069790 0.000462935275 0.999999769803 25.611648449067 -1378.245142162305 -16.922668109233 -1113.8878971986353 -3086.112102801365
0.999994062922 -0.003392924342 -0.000601818537 0.003392577488 0.999994079055 -0.000576431588 0.000603770762 0.000574386450 0.999999652770 6.745609133802 -1478.203508298751 -15.488790261295 -1115.4988860369388 -3084.5011139630615
0.999998034951 -0.001875072167 -0.000643582425 0.001874588793 0.999997961067 -0.000750851512 0.000644989014 0.000749643584 0.999999511012 10.333229623880 -1513.572269345405 -18.764511444569 -1112.7971687595618 -3087.202831240438
0.999848573361 -0.017401047516 -0.000184102927 0.017401026670 0.999848584147 -0.000114233290 0.000186062830 0.000111012412 0.999999976528 350.005574526294 -625.683523720637 -5.583801783441 -1104.0798104151609 -3095.920189584839
0.999994707949 -0.003251310079 0.000114263230 0.003251290647 0.999994700117 0.000169844519 -0.000114814841 -0.000169472117 0.999999979048 563.074190687761 -478.649582922639 -9.679272990389 -1114.3656762314124 -3085.634323768588
0.999988866471 -0.003798814364 0.002799275514 0.003794510548 0.999991613184 0.001541185145 -0.002805106713 -0.001530546106 0.999994894389 1151.970206118531 1653.361019612359 24.044805530655 -1134.0135750645902 -3065.9864249354096
0.999958047813 0.009094327005 -0.001093539988 -0.009095435418 0.999958122630 -0.001012936667 0.001084282216 0.001022840394 0.999998889064 -1338.516023083855 -2815.992651367086 -2.707644645219 -1056.8022948545563 -2943.1977051454437
0.999972005400 -0.007478364481 0.000249960255 0.007478272808 0.999971970459 0.000365693426 -0.000252688037 -0.000363813917 0.999999901894 723.103775291304 -293.782842716150 -11.354156246316 -1106.652497157101 -3093.3475028428993
0.999876750435 -0.015699786563 -0.000025337484 0.015699794086 0.999876695975 0.000330622263 0.000020143661 -0.000330979307 0.999999945023 408.021781584691 -552.505380606874 -6.821691017323 -1123.7075384973368 -3076.292461502663
0.999999279755 0.001113390846 -0.000448163888 -0.001113623961 0.999999244594 -0.000520243183 0.000447584316 0.000520741895 0.999999764248 -86.686244159976 -1522.903046537414 -17.011897464585 -1169.2083722887644 -3030.7916277112354
0.999582881674 -0.028879293977 -0.000221459655 0.028879279654 0.999582904334 -0.000067600069 0.000223319527 0.000061176277 0.999999973193 182.756978600355 -564.300223788562 -4.526962513748 -1171.605120395125 -3028.3948796048753
0.999697513843 -0.024594322024 -0.000011825306 0.024594323172 0.999697507899 0.000109398843 0.000009131139 -0.000109656587 0.999999993946 368.817136049992 -266.468626101236 -10.336666706724 -1178.4680189616802 -3021.53198103832
0.999993817773 -0.003486798510 -0.000454589074 0.003486615026 0.999993840213 -0.000403795438 0.000455994227 0.000402207964 0.999999815149 -124.824011234072 -1512.938131463201 -13.159348037216 -1299.1515362797459 -3100.848463720254
0.999862824616 -0.016559581551 -0.000334977019 0.016559788578 0.999862681959 0.000625001641 0.000324581255 -0.000630463055 0.999999748582 572.669390471155 -537.313522674086 -19.179660438015 -1198.1608867479301 -3001.83911325207
0.999987807489 -0.004921642966 -0.000402868655 0.004921486973 0.999987814414 -0.000387285798 0.000404769828 0.000385298363 0.999999843853 -80.620121255161 -1480.847496437475 -20.255860714391 -1205.0785157573112 -2994.921484242689
0.999997826690 -0.001998782879 -0.000592859163 0.001998675676 0.999997986200 -0.000181361934 0.000593220472 0.000180176607 0.999999807813 -8.585763971127 -1419.823939765650 -18.170110779664 -1197.3026419575824 -3002.6973580424174
0.999629677395 -0.027209121413 -0.000414466187 0.027209321545 0.999629640151 0.000485131976 0.000401112670 -0.000496229664 0.999999796432 155.036824524878 -452.595069864336 -2.288600744600 -1183.8243471527944 -3016.1756528472056
0.999936445063 -0.011260291690 -0.000558270575 0.011260299671 0.999936600754 0.000011155877 0.000558109562 -0.000017441462 0.999999844105 154.903119047379 -771.978852093253 -8.396278441165 -1224.134520610679 -2975.865479389321
0.999889899414 -0.014834081146 -0.000372941884 0.014834000874 0.999889946589 -0.000217092382 0.000376121206 0.000211536260 0.999999906893 72.882350918260 -466.631160990324 -4.886937787167 -1228.9804868144545 -2971.0195131855453
0.999866128529 0.016340755151 -0.000839488305 -0.016341209681 0.999866329067 -0.000537461449 0.000830593564 0.000551107753 0.999999503197 -13.556590283002 -1360.638053908891 -19.196769507182 -1241.3928522997312 -2958.607147700269
0.999868914496 0.016173832393 -0.000748979125 -0.016174268048 0.999869020151 -0.000579306180 0.000739511423 0.000591344430 0.999999551717 7.519954634235 -1350.584056736717 -14.343195039304 -1219.7646760456742 -2980.235323954326
0.999982530668 -0.005890310143 -0.000492550032 0.005890132265 0.999982587566 -0.000361811496 0.000494672638 0.000358903991 0.999999813243 121.513968159292 -667.052977009937 -9.632557464784 -1196.8767746449428 -3003.123225355057
0.999960991907 -0.008819122549 -0.000487587569 0.008818829735 0.999960933682 -0.000599459246 0.000492855225 0.000595135911 0.999999701453 60.800104060941 -571.343145886548 -6.099704549651 -1132.3795540547778 -2867.620445945222
0.999955393997 -0.009405327485 -0.000865927756 0.009405623609 0.999955708838 0.000338537674 0.000862705345 -0.000346667164 0.999999567781 222.081679476504 -628.100838388530 -0.583457358338 -1114.7146521484033 -2885.2853478515967
0.999971190503 0.007537436102 -0.000897341088 -0.007538017082 0.999971380188 -0.000645835083 0.000892447466 0.000652580649 0.999999388838 43.762774414735 -854.210636350391 -3.879740877104 -1288.7841278177507 -2911.2158721822493
0.999998650473 0.001529989019 -0.000598486607 -0.001530452267 0.999998529055 -0.000774340737 0.000597300994 0.000775255647 0.999999521105 82.578514587166 -652.485249389381 -4.086022532788 -1129.4989811352525 -2870.5010188647475
0.999994790620 0.003190812666 -0.000487286636 -0.003191122313 0.999994706106 -0.000636002540 0.000485254692 0.000637554218 0.999999679026 100.689466401713 -645.441669982588 -2.032604723430 -1151.6505510610282 -2848.349448938972
0.999999257166 -0.001150153375 -0.000403503176 0.001150067788 0.999999316141 -0.000212276818 0.000403747051 0.000211812604 0.999999896062 124.892456471358 -426.691478237900 1.922934626277 -1124.9598410479573 -2875.0401589520425
0.999999782901 0.000592190572 -0.000288977404 -0.000592190932 0.999999824654 -0.000001161899 0.000288976665 0.000001333029 0.999999958245 146.805817298710 -281.469968370010 -0.017942795771 -1157.237307157457 -2842.762692842543
0.999998645212 0.001567451316 -0.000502663035 -0.001567509306 0.999998764845 -0.000114992602 0.000502482169 0.000115780375 0.999999867053 22.341428191265 -576.445933141502 1.835577263378 -1211.6248456656747 -2788.375154334325
0.999986337513 -0.005225812010 -0.000125203412 0.005225839689 0.999986320614 0.000221773655 0.000124042752 -0.000222424918 0.999999967570 -19.051041461122 -458.894722764239 6.535545744970 -1150.0175392578738 -2849.982460742126
0.999534033297 0.030523961836 0.000063527261 -0.030524020361 0.999533087262 0.001375372560 -0.000021515780 -0.001376670789 0.999999052157 83.965668884799 -1324.230811050986 0.016065144614 -1254.4068402533353 -2776.664588318093
0.999996821307 0.002453007880 -0.000583205084 -0.002452723351 0.999996872955 0.000488085909 0.000584400539 -0.000486653917 0.999999710822 -97.631346511785 -641.234493595615 17.620266691423 -1577.7695449858288 -3222.230455014171
0.999932913606 0.011582949741 -0.000059694863 -0.011582921633 0.999932813801 0.000451454418 0.000064920027 -0.000450732690 0.999999896313 84.466973072325 -747.283520294452 0.945938308601 -1181.7282445445203 -2877.389402514303
0.999976697194 0.006815301496 -0.000395897206 -0.006815203677 0.999976745500 0.000247908266 0.000397577569 -0.000245204368 0.999999890903 22.233322245439 -664.878819417175 9.456399628131 -1576.9185781681929 -3223.0814218318073
0.999950061701 0.009991849381 -0.000192482619 -0.009991802300 0.999950050921 0.000244029215 0.000194911308 -0.000242093780 0.999999951700 34.341403579943 -647.587644148542 -0.298030659417 -1197.6680163650253 -2802.3319836349747
0.999994087737 0.003437052298 -0.000105657714 -0.003436975980 0.999993838537 0.000714201859 0.000108111812 -0.000713834494 0.999999739376 -23.970735401913 -648.292641622816 2.458525519379 -1220.1227244763445 -2779.8772755236555
0.999953982255 0.009593211978 0.000060461783 -0.009593220201 0.999953974590 0.000137215113 -0.000059142666 -0.000137788822 0.999999988758 -59.222764817614 -427.923314884287 3.173122456925 -1604.4836347163707 -3195.516365283629
0.999942860489 0.010688505858 0.000177761578 -0.010688585246 0.999942773369 0.000451810927 -0.000172922222 -0.000453685130 0.999999882134 20.172687067222 -762.741053750335 -1.902021101235 -1634.241980617982 -3165.7580193820177
0.999999978319 -0.000139564279 0.000154541728 0.000139475236 0.999999824365 0.000576036010 -0.000154622094 -0.000576014443 0.999999822150 1.538905483660 -628.145611391542 -0.764091282199 -1575.2990684017277 -3082.3009315982727
0.999966002062 0.008234492492 0.000433420837 -0.008234841655 0.999965764995 0.000810074957 -0.000426735443 -0.000813616569 0.999999577962 12.065842839338 -916.274277634733 -3.879038969620 -1515.7611179650555 -2957.7227530026867
0.999999560744 0.000779303629 0.000520765860 -0.000779475148 0.999999642011 0.000329237063 -0.000520509098 -0.000329642842 0.999999810203 15.387676446936 -705.996634451848 -8.560656453235 -1628.979821906525 -3008.1814684160554
0.999968167945 0.007965062870 0.000469967662 -0.007965292377 0.999968157229 0.000488513564 -0.000466061655 -0.000492241443 0.999999770242 7.443767544134 -954.644083967379 -2.430372708501 -1710.9653813329692 -2999.357199312192
0.999364865498 0.008757147196 0.034542408454 -0.008408040842 0.999912230528 -0.010238949630 -0.034629040674 0.009942012539 0.999350782222 50.704125753413 -2484.973360106289 -1112.388839225707 -1701.0016413153444 -3098.9983586846556
0.999999166157 0.000982481118 0.000838102396 -0.000984149027 0.999997531657 0.001992016901 -0.000836143208 -0.001992840058 0.999997664724 11.748696137883 -1504.413212722684 2.661355359967 -964.985819008089 -2835.014180991911
0.999976293433 -0.006764076969 0.001288346035 0.006763179458 0.999976884626 0.000699725978 -0.001293049254 -0.000690996074 0.999998925273 -27.304537661596 -645.285533419083 -16.121959191760 -1514.3297922612185 -2984.4827077387818
0.999935377512 0.004105957609 -0.010601033517 -0.003996040143 0.999938255782 0.010369006043 0.010642953664 -0.010325973816 0.999890044856 668.388075920310 -1899.557745312530 135.177549700293 -1678.1018294694175 -2630.0
0.999999188563 -0.000460209113 0.001187889254 0.000458888804 0.999999276985 0.001111508439 -0.001188399922 -0.001110962428 0.999998676733 75.362601976962 -1141.304758557797 -10.382102998373 -1453.6361419785885 -2830.93528659284
0.999969768528 -0.007766463861 0.000379564712 0.007766185419 0.999969576538 0.000729631234 -0.000385219819 -0.000726661406 0.999999661784 -49.382776757554 -703.396990486435 0.705080398243 -1403.381872546228 -2644.618127453772
0.999970614635 -0.007636762483 0.000670615578 0.007636297414 0.999970602689 0.000693338769 -0.000675890727 -0.000688197375 0.999999534778 -65.798367370145 -750.011493019669 -4.585215977126 -1383.822041678968 -2618.2469238382737
0.999959865826 -0.008951474345 0.000371274815 0.008951052852 0.999959309286 0.001121795547 -0.000381301432 -0.001118427224 0.999999301865 3.392049237663 -725.135198952177 5.031990704734 -1354.6807330369747 -2645.3192669630253
0.999995621497 0.002738864499 0.001120539359 -0.002740031826 0.999995703691 0.001041549838 -0.001117681881 -0.001044615591 0.999998829782 -0.325079085745 -928.506492146432 -12.402965501894 -1407.7390362881872 -2594.40382085467
0.999996541683 0.002342312981 0.001195905916 -0.002342924158 0.999997125343 0.000509913425 -0.001194708101 -0.000512713578 0.999999154898 -12.241173178788 -894.167337414875 -21.043038434583 -1384.2004276710693 -2615.7995723289305
0.999997032940 0.002344733296 0.000660558373 -0.002345206064 0.999996993782 0.000715846131 -0.000658877919 -0.000717393152 0.999999525613 0.987681271591 -818.761816028297 -6.470040849328 -1356.8883246018845 -2643.1116753981155
0.999983265882 0.005734712041 0.000762256094 -0.005735505041 0.999983008703 0.001042250700 -0.000756266134 -0.001046605183 0.999999166339 -25.380921209378 -734.204551131101 -6.296062859928 -1380.2978799233097 -2619.7021200766903
0.999986826117 0.005069415605 0.000805368780 -0.005070130389 0.999986752551 0.000887975627 -0.000800856593 -0.000892047253 0.999999281440 -43.888883144425 -728.067281891614 -8.379667642689 -1422.4039137796235 -2592.5960862203765
0.999999226675 0.000996148089 0.000744538486 -0.000996780753 0.999999142089 0.000849852466 -0.000743691269 -0.000850593950 0.999999361706 -16.936421854904 -880.116683743596 -5.668384417260 -1538.3463021706739 -2681.5157667948433
0.999999744569 -0.000486777994 0.000523363069 0.000486393263 0.999999611606 0.000734988756 -0.000523720642 -0.000734734008 0.999999592941 23.966892943646 -782.382684465644 -5.601751247660 -1417.3801498280488 -2588.074395626496
0.999998384760 -0.001691211837 0.000608506564 0.001690848529 0.999998392269 0.000597067873 -0.000609515354 -0.000596038016 0.999999636615 5.968692718560 -767.191749974185 -7.389051181004 -1391.310506789509 -2608.689493210491
0.999999105154 -0.001138333193 0.000702771545 0.001137884829 0.999999149045 0.000638065490 -0.000703497278 -0.000637265246 0.999999549492 29.590245651404 -794.960371493387 -10.331661493386 -1352.8768951379805 -2647.1231048620193
0.999998788917 -0.001407881265 0.000663350653 0.001407456579 0.999998804575 0.000640245387 -0.000664251249 -0.000639310975 0.999999575026 14.566986680236 -798.915222474044 -11.966344532603 -1386.6822144737805 -2613.3177855262193
0.999996682324 -0.002511711486 0.000571529426 0.002511323156 0.999996615990 0.000679164557 -0.000573233358 -0.000677727009 0.999999606045 15.486306585945 -795.510931562345 -10.126160930103 -1435.6570065974597 -2626.107699284893
0.999999067807 -0.001313941534 0.000371406331 0.001313672412 0.999998875101 0.000723920751 -0.000372357103 -0.000723432169 0.999999668998 7.874089683939 -885.054931002369 -10.732476653066 -1471.257879943567 -2728.742120056433
0.999991869695 -0.003998388285 0.000522910225 0.003998196906 0.999991940009 0.000366523082 -0.000524371512 -0.000364429404 0.999999796113 3.827789367163 -764.039976837455 -12.762964791447 -1460.1480038597738 -2739.851996140226
0.999996566503 0.002597799039 0.000344126759 -0.002598002230 0.999996450350 0.000591331004 -0.000342589378 -0.000592223016 0.999999765952 -56.922398161589 -694.964470221693 -11.405350882040 -1445.392133767986 -2754.607866232014
0.999990975555 -0.004241743722 0.000237526732 0.004241575654 0.999990756903 0.000703665199 -0.000240509304 -0.000702651361 0.999999724218 -23.228942713267 -755.875584752276 -1.576224675264 -1549.2977650244814 -2850.702234975519
0.999999703475 0.000756448627 0.000144347647 -0.000756455906 0.999999712618 0.000050379954 -0.000144309496 -0.000050489132 0.999999988313 -20.063686799773 -102.836404076578 -5.533886781840 -1463.8603167939027 -2736.1396832060973
0.999998688859 -0.001615677281 0.000108937238 0.001615628849 0.999998596648 0.000443221864 -0.000109653188 -0.000443045281 0.999999895844 -22.978618144745 -748.267590665081 -13.053368967093 -1537.6515898497396 -2727.3181071199574
0.999926950237 0.012084773537 0.000228995538 -0.012084888798 0.999926845608 0.000508816893 -0.000222829849 -0.000511547110 0.999999844333 -3.781264635547 -714.281066120075 -6.628378831532 -1595.6343642639172 -2804.365635736083
0.999726581845 0.023382890177 0.000044711731 -0.023382916260 0.999726324605 0.000717717866 -0.000027917176 -0.000718567120 0.999999741441 3.356384308226 -557.286774169728 -7.464856449400 -1473.298626732888 -2726.701373267112
0.999456465538 0.032965992049 0.000129859334 -0.032966012347 0.999456460911 0.000157394939 -0.000124600070 -0.000161590333 0.999999979182 39.028604376785 -486.357280273953 -6.468250842391 -1564.6151643188082 -2835.384835681192
0.998973719705 0.045292774184 -0.000268228003 -0.045292576575 0.998973518078 0.000701916296 0.000299744408 -0.000689047195 0.999999717684 111.716792316440 -449.967003416741 -1.187423802222 -1519.3294207256695 -2880.6705792743305
0.999138562919 0.041498190813 0.000179576813 -0.041498232750 0.999138549331 0.000236473533 -0.000169608893 -0.000243721947 0.999999955916 -67.211495747991 -277.560033462209 -6.874213535439 -1241.753882469948 -2758.2461175300523
0.998172303553 0.060430454290 -0.000461100566 -0.060430162865 0.998172234054 0.000621755500 0.000497830750 -0.000592754737 0.999999700403 199.979560951883 -267.874636147128 0.578842862498 -1241.2777579800568 -2835.0858783835797
0.999862631085 0.016570373773 -0.000376393444 -0.016570279827 0.999862671894 0.000251356694 0.000380506829 -0.000245085220 0.999999897574 207.661837344936 -41.108842044934 -1.008305486119 -1406.2631806886718 -2793.736819311328
0.999772215431 0.021342828875 -0.000030123872 -0.021342827192 0.999772214402 0.000055111995 0.000031293256 -0.000054456512 0.999999998028 29.827122384680 -9.153681027936 -0.369971737402 -1225.419324132571 -2655.2865582203704
0.999835916399 0.018113673366 -0.000187393751 -0.018113658238 0.999835930862 0.000082111405 0.000188850345 -0.000078703545 0.999999979071 151.546205061885 -34.027729022057 -1.915764578340 -1179.2332808511378 -2620.766719148862
0.997948297522 0.064023325274 -0.000457486556 -0.064022898233 0.997948029337 0.000894004977 0.000513784978 -0.000862881130 0.999999495730 213.906488963869 -361.312316585488 1.884800088143 -1493.2039580253952 -2796.3960419746054
0.999649996416 0.026454992111 -0.000134381286 -0.026454860454 0.999649602192 0.000901774135 0.000158190627 -0.000897903473 0.999999584372 60.091382752570 -214.573755900589 3.750591222678 -1452.6004523600905 -2615.675409708875
0.999854543272 0.017040854790 0.000708213266 -0.017038522851 0.999849784149 -0.003177715559 -0.000762257870 0.003165186431 0.999994700265 -1151.292868942761 -1296.932920625851 -65.718163112092 -1223.469743516544 -2624.4012242253916
0.999821462954 0.018895080916 0.000134662832 -0.018895166667 0.999821248039 0.000666818401 -0.000122039173 -0.000669243826 0.999999768610 -100.316516213222 -237.580513472895 -4.227914684004 -1102.981912401457 -2697.018087598543
0.999950931685 0.009893198307 -0.000508772604 -0.009892769390 0.999950713583 0.000838760164 0.000517045549 -0.000833685837 0.999999518816 419.789617193250 -107.799258256094 2.570307624403 -887.4551817321776 -2712.5448182678224
0.999271884268 0.038151529390 -0.000402637522 -0.038151260227 0.999271760170 0.000656253816 0.000427381392 -0.000640414858 0.999999703607 281.674669832178 -94.915869776173 1.547200938721 -886.9079329203781 -2713.0920670796218
0.997696392842 0.067836936943 -0.000240202070 -0.067836489259 0.997695263026 0.001540409363 0.000344145120 -0.001520566400 0.999998784720 274.536752734401 -320.745947055568 2.884649823473 -910.8635656401401 -2689.13643435986
0.999487155111 0.031959500288 -0.002004272788 -0.031959340143 0.999489163553 0.000111886832 0.002006824779 -0.000047774215 0.999997985184 996.474308902924 242.354184639082 12.880918908993 -1140.8761425863322 -2697.962567091087
0.999242257395 0.038921530101 0.000159782963 -0.038921610728 0.999242122723 0.000537022888 -0.000138760115 -0.000542834973 0.999999843038 53.181702694695 -173.467364512042 4.434460697753 -1336.8251469730023 -2539.174853026998
0.998416067707 0.056261471350 -0.000050860037 -0.056261367242 0.998415325810 0.001223005643 0.000119587537 -0.001218207030 0.999999250835 215.134299115066 -294.657660290388 6.037833743650 -1231.8355306711983 -2568.1644693288017
0.997850534662 0.065530277447 -0.000305307149 -0.065529884929 0.997849938726 0.001154974620 0.000380336527 -0.001132485299 0.999999286410 135.989553284217 -475.400035252377 0.064398008953 -1234.611189507214 -2585.9770457869035
0.998848170032 0.047981019194 -0.000393727394 -0.047980660653 0.998847882048 0.000874489846 0.000435232688 -0.000854591282 0.999999540123 104.798507687416 -428.954690767988 -0.787176144520 -1239.9052742077874 -2585.3850483728575
0.999220251308 0.039482767550 0.000021059355 -0.039482772030 0.999219952461 0.000772862281 0.000009471814 -0.000773091124 0.999999701120 108.251149067792 -356.777592754125 -1.150397185295 -1246.4485345838577 -2567.5514654161425
0.999777584989 0.021089814817 -0.000016244854 -0.021089800077 0.999777379953 0.000640989809 0.000029759594 -0.000640504643 0.999999794434 103.295886541106 -299.078800520821 0.286246976894 -1427.4674859592556 -2775.4416049498354
0.999976212078 0.006897476256 -0.000009995698 -0.006897466109 0.999975895104 0.000796349725 0.000015488260 -0.000796261837 0.999999682864 103.925306936975 -328.650224981089 2.775257166037 -1430.228896460149 -2785.286255055003
0.999998636123 0.001630361635 0.000263954718 -0.001630506648 0.999998519416 0.000550103941 -0.000263057459 -0.000550533571 0.999999813857 40.869617622679 -203.391986811178 1.254663532841 -1548.076934186609 -2934.347308237633
0.999999954796 -0.000300100614 -0.000018656277 0.000300104262 0.999999935792 0.000195842491 0.000018597503 -0.000195848081 0.999999980649 17.496659570236 -109.997988567614 -2.495121796433 -1547.150127138048 -2903.3014857651774
0.999999208903 0.001249643990 0.000143470006 -0.001249707527 0.999999120712 0.000443628450 -0.000142915503 -0.000443807395 0.999999891305 25.431146445025 -186.967744800013 1.726904834796 -1566.320722258793 -2897.292180967014
0.999999979119 -0.000201786458 -0.000032306047 0.000201790162 0.999999973063 0.000114694012 0.000032282903 -0.000114700528 0.999999992901 17.304620669814 -72.039673810204 -1.323808729252 -1570.3081828001036 -2916.3369784902184
0.999999994377 -0.000106032945 -0.000001599494 0.000106033060 0.999999991752 0.000072476575 0.000001591809 -0.000072476745 0.999999997372 9.553328872785 -45.321917139074 -2.149640409610 -1556.4797359267334 -2907.1331672990736
0.999999998736 -0.000046089369 -0.000020109805 0.000046090306 0.999999997854 0.000046568680 0.000020107659 -0.000046569607 0.999999998713 10.394841185612 -32.221542653681 -1.583705437502 -1557.9085666857695 -2893.0914333142305
0.999999998476 0.000024202508 0.000049621719 -0.000024208326 0.999999992833 0.000117248949 -0.000049618881 -0.000117250151 0.999999991895 3.607031047252 -43.749541051451 -1.044786159921 -1563.6278969768478 -2882.0962409541867
0.999999981679 0.000182752103 0.000056952832 -0.000182755907 0.999999981069 0.000066793481 -0.000056940625 -0.000066803889 0.999999996148 -4.899761649249 -33.169213493175 -0.659304568429 -1587.9323108549602 -2912.8952753519366
0.999999996089 0.000085780276 0.000021543228 -0.000085781692 0.999999994160 0.000065739427 -0.000021537589 -0.000065741275 0.999999997607 -0.403759698350 -30.095634881189 -0.411697486563 -1556.5242243637729 -2880.8757756362265
0.999999896764 0.000441644328 0.000106874097 -0.000441657456 0.999999894924 0.000122841769 -0.000106819833 -0.000122888958 0.999999986744 -14.290435543686 -31.692525731847 0.006829828560 -1570.4470258988376 -2904.3529741011616
0.999999975790 -0.000201549367 -0.000088305766 0.000201533869 0.999999964297 -0.000175473713 0.000088341129 0.000175455912 0.999999980706 4.973847710217 30.517280384049 -1.456609810292 -1542.484128924425 -2940.390871075575
0.999999960817 -0.000276893235 -0.000041175875 0.000276888713 0.999999955638 -0.000109801536 0.000041206276 0.000109790131 0.999999993124 9.189410152686 20.799107044399 -2.231518267233 -1594.170293590618 -2863.368167947843
0.999999969338 0.000231064511 0.000089064201 -0.000231076728 0.999999963891 0.000137189113 -0.000089032499 -0.000137209690 0.999999986623 -9.174391737926 -35.341353480679 1.143593585921 -1622.0273681203767 -2851.203401110393
0.999999999736 -0.000015285861 -0.000017147785 0.000015285561 0.999999999730 -0.000017490462 0.000017148052 0.000017490200 0.999999999700 0.599363514327 2.674154440509 -0.130940055818 -1594.373625760496 -2840.7231484330523
0.999999999940 -0.000007599842 0.000007932595 0.000007599856 0.999999999970 -0.000001785002 -0.000007932581 0.000001785062 0.999999999967 -0.646479763258 0.115423171899 -0.207614889630 -1613.161035285445 -2867.915887791478
0.999999999704 -0.000023570686 0.000006080693 0.000023570641 0.999999999695 0.000007361131 -0.000006080866 -0.000007360988 0.999999999954 0.784759354134 -1.269223214323 -0.221635120219 -1616.1070358156921 -2866.277579568923
0.999999996850 -0.000075942946 -0.000023089372 0.000075942817 0.999999997101 -0.000005615890 0.000023089798 0.000005614136 0.999999999718 3.642935038709 0.147368262351 0.050495394705 -1614.3374787162948 -2868.0471366683205
0.999999990578 0.000131573849 0.000039135075 -0.000131574004 0.999999991336 0.000003969710 -0.000039134552 -0.000003974859 0.999999999226 -6.824135005639 -3.112193937462 -0.514217471388 -1596.9081003218603 -2860.6303612166007
